|            Time |             Spots |              Bands |               flux |
|             0.0 |               0.0 |    0.0149118164523 |    0.0149118164523 |
| 0.0208333333333 |               0.0 |     0.014872983571 |     0.014872983571 |
| 0.0416666666667 |               0.0 |    0.0147567930226 |    0.0147567930226 |
|          0.0625 |               0.0 |    0.0145641660433 |    0.0145641660433 |
| 0.0833333333333 |               0.0 |    0.0142966278891 |    0.0142966278891 |
|  0.104166666667 |               0.0 |    0.0139562927441 |    0.0139562927441 |
|           0.125 |               0.0 |    0.0135458428161 |    0.0135458428161 |
|  0.145833333333 |               0.0 |     0.013068501845 |     0.013068501845 |
|  0.166666666667 |               0.0 |    0.0125280033037 |    0.0125280033037 |
|          0.1875 |               0.0 |     0.011928553632 |     0.011928553632 |
|  0.208333333333 |               0.0 |    0.0112747908929 |    0.0112747908929 |
|  0.229166666667 |               0.0 |    0.0105717392933 |    0.0105717392933 |
|            0.25 |               0.0 |    0.0098247600502 |    0.0098247600502 |
|  0.270833333333 |               0.0 |   0.00903949912577 |   0.00903949912577 |
|  0.291666666667 |               0.0 |   0.00822183238499 |   0.00822183238499 |
|          0.3125 |               0.0 |   0.00737780875776 |   0.00737780875776 |
|  0.333333333333 |               0.0 |   0.00651359200662 |   0.00651359200662 |
|  0.354166666667 |               0.0 |   0.00563540171604 |   0.00563540171604 |
|           0.375 |               0.0 |   0.00474945412581 |   0.00474945412581 |
|  0.395833333333 |               0.0 |   0.00386190343183 |   0.00386190343183 |
|  0.416666666667 |               0.0 |   0.00297878417109 |   0.00297878417109 |
|          0.4375 |               0.0 |   0.00210595529493 |   0.00210595529493 |
|  0.458333333333 |               0.0 |   0.00124904651456 |   0.00124904651456 |
|  0.479166666667 |               0.0 |  0.000413407477653 |  0.000413407477653 |
|             0.5 |               0.0 | -0.000395939697574 | -0.000395939697574 |
|  0.520833333333 |               0.0 |  -0.00117434404187 |  -0.00117434404187 |
|  0.541666666667 |               0.0 |  -0.00191756506177 |  -0.00191756506177 |
|          0.5625 |               0.0 |  -0.00262180737536 |  -0.00262180737536 |
|  0.583333333333 |               0.0 |  -0.00328375031038 |  -0.00328375031038 |
|  0.604166666667 |               0.0 |  -0.00390057217379 |  -0.00390057217379 |
|           0.625 |               0.0 |  -0.00446996896054 |  -0.00446996896054 |
|  0.645833333333 |               0.0 |  -0.00499016733061 |  -0.00499016733061 |
|  0.666666666667 |               0.0 |  -0.00545993174623 |  -0.00545993174623 |
|          0.6875 |               0.0 |  -0.00587856572515 |  -0.00587856572515 |
|  0.708333333333 |               0.0 |  -0.00624590723059 |  -0.00624590723059 |
|  0.729166666667 |               0.0 |  -0.00656231828211 |  -0.00656231828211 |
|            0.75 |               0.0 |  -0.00682866893527 |  -0.00682866893527 |
|  0.770833333333 |               0.0 |   -0.0070463158388 |   -0.0070463158388 |
|  0.791666666667 |               0.0 |   -0.0072170756375 |   -0.0072170756375 |
|          0.8125 |               0.0 |  -0.00734319354453 |  -0.00734319354453 |
|  0.833333333333 |               0.0 |  -0.00742730745962 |  -0.00742730745962 |
|  0.854166666667 |               0.0 |  -0.00747240805735 |  -0.00747240805735 |
|           0.875 |               0.0 |  -0.00748179531334 |  -0.00748179531334 |
|  0.895833333333 |               0.0 |  -0.00745903197426 |  -0.00745903197426 |
|  0.916666666667 |               0.0 |  -0.00740789451004 |  -0.00740789451004 |
|          0.9375 |               0.0 |   -0.0073323221134 |   -0.0073323221134 |
|  0.958333333333 |               0.0 |  -0.00723636433185 |  -0.00723636433185 |
|  0.979166666667 |               0.0 |  -0.00712412793143 |  -0.00712412793143 |
|             1.0 |               0.0 |  -0.00699972359833 |  -0.00699972359833 |
|   1.02083333333 |               0.0 |  -0.00686721308518 |  -0.00686721308518 |
|   1.04166666667 |               0.0 |   -0.0067305574026 |   -0.0067305574026 |
|          1.0625 |               0.0 |   -0.0065935666434 |   -0.0065935666434 |
|   1.08333333333 |               0.0 |  -0.00645985200791 |  -0.00645985200791 |
|   1.10416666667 |               0.0 |  -0.00633278057284 |  -0.00633278057284 |
|           1.125 |               0.0 |   -0.0062154333146 |   -0.0062154333146 |
|   1.14583333333 |               0.0 |  -0.00611056686087 |  -0.00611056686087 |
|   1.16666666667 |               0.0 |  -0.00602057940135 |  -0.00602057940135 |
|          1.1875 |               0.0 |  -0.00594748114166 |  -0.00594748114166 |
|   1.20833333333 |               0.0 |  -0.00589286963275 |  -0.00589286963275 |
|   1.22916666667 |               0.0 |   -0.0058579102529 |   -0.0058579102529 |
|            1.25 |               0.0 |   -0.0058433220614 |   -0.0058433220614 |
|   1.27083333333 |               0.0 |  -0.00584936918214 |  -0.00584936918214 |
|   1.29166666667 |               0.0 |   -0.0058758578131 |   -0.0058758578131 |
|          1.3125 |               0.0 |  -0.00592213889426 |  -0.00592213889426 |
|   1.33333333333 |               0.0 |   -0.0059871164026 |   -0.0059871164026 |
|   1.35416666667 |               0.0 |  -0.00606926117962 |  -0.00606926117962 |
|           1.375 |               0.0 |  -0.00616663013412 |  -0.00616663013412 |
|   1.39583333333 |               0.0 |  -0.00627689060265 |  -0.00627689060265 |
|   1.41666666667 |               0.0 |  -0.00639734959148 |  -0.00639734959148 |
|          1.4375 |               0.0 |  -0.00652498756918 |  -0.00652498756918 |
|   1.45833333333 |               0.0 |  -0.00665649642678 |  -0.00665649642678 |
|   1.47916666667 |               0.0 |  -0.00678832117583 |  -0.00678832117583 |
|             1.5 |               0.0 |  -0.00691670491156 |  -0.00691670491156 |
|   1.52083333333 |               0.0 |  -0.00703773653143 |  -0.00703773653143 |
|   1.54166666667 |               0.0 |  -0.00714740066745 |  -0.00714740066745 |
|          1.5625 |               0.0 |  -0.00724162926496 |  -0.00724162926496 |
|   1.58333333333 |               0.0 |  -0.00731635422129 |  -0.00731635422129 |
|   1.60416666667 |               0.0 |  -0.00736756048456 |  -0.00736756048456 |
|           1.625 |               0.0 |  -0.00739133900674 |  -0.00739133900674 |
|   1.64583333333 |               0.0 |  -0.00738393894543 |  -0.00738393894543 |
|   1.66666666667 |               0.0 |  -0.00734181851594 |  -0.00734181851594 |
|          1.6875 |               0.0 |  -0.00726169390903 |  -0.00726169390903 |
|   1.70833333333 |               0.0 |  -0.00714058570975 |  -0.00714058570975 |
|   1.72916666667 |               0.0 |  -0.00697586227957 |  -0.00697586227957 |
|            1.75 |               0.0 |  -0.00676527959623 |  -0.00676527959623 |
|   1.77083333333 |               0.0 |  -0.00650701708391 |  -0.00650701708391 |
|   1.79166666667 |               0.0 |  -0.00619970900965 |  -0.00619970900965 |
|          1.8125 |               0.0 |     -0.00584247107 |     -0.00584247107 |
|   1.83333333333 |               0.0 |  -0.00543492184403 |  -0.00543492184403 |
|   1.85416666667 |               0.0 |  -0.00497719884484 |  -0.00497719884484 |
|           1.875 |               0.0 |  -0.00446996896054 |  -0.00446996896054 |
|   1.89583333333 |               0.0 |  -0.00391443313694 |  -0.00391443313694 |
|   1.91666666667 |               0.0 |  -0.00331232521747 |  -0.00331232521747 |
|          1.9375 |               0.0 |  -0.00266590491934 |  -0.00266590491934 |
|   1.95833333333 |               0.0 |  -0.00197794498997 |  -0.00197794498997 |
|   1.97916666667 |               0.0 |  -0.00125171265112 |  -0.00125171265112 |
|             2.0 |               0.0 | -0.000490945501375 | -0.000490945501375 |
|   2.02083333333 |               0.0 |  0.000300177891434 |  0.000300177891434 |
|   2.04166666667 |               0.0 |   0.00111707241748 |   0.00111707241748 |
|          2.0625 |               0.0 |   0.00195478552608 |   0.00195478552608 |
|   2.08333333333 |               0.0 |   0.00280804060299 |   0.00280804060299 |
|   2.10416666667 |               0.0 |   0.00367128417846 |   0.00367128417846 |
|           2.125 |               0.0 |   0.00453873647803 |   0.00453873647803 |
|   2.14583333333 |               0.0 |   0.00540444479034 |   0.00540444479034 |
|   2.16666666667 |               0.0 |   0.00626233909456 |   0.00626233909456 |
|          2.1875 |               0.0 |   0.00710628936402 |   0.00710628936402 |
|   2.20833333333 |               0.0 |   0.00793016394341 |   0.00793016394341 |
|   2.22916666667 |               0.0 |   0.00872788838362 |   0.00872788838362 |
|            2.25 |               0.0 |   0.00949350411228 |   0.00949350411228 |
|   2.27083333333 |               0.0 |    0.0102212263185 |    0.0102212263185 |
|   2.29166666667 |               0.0 |    0.0109055004373 |    0.0109055004373 |
|          2.3125 |               0.0 |    0.0115410566336 |    0.0115410566336 |
|   2.33333333333 |               0.0 |    0.0121229617053 |    0.0121229617053 |
|   2.35416666667 |               0.0 |    0.0126466678529 |    0.0126466678529 |
|           2.375 |               0.0 |    0.0131080577943 |    0.0131080577943 |
|   2.39583333333 |               0.0 |    0.0135034857438 |    0.0135034857438 |
|   2.41666666667 |               0.0 |    0.0138298138155 |    0.0138298138155 |
|          2.4375 |               0.0 |    0.0140844434628 |    0.0140844434628 |
|   2.45833333333 |               0.0 |    0.0142653416154 |    0.0142653416154 |
|   2.47916666667 |               0.0 |    0.0143710612339 |    0.0143710612339 |
|             2.5 |               0.0 |    0.0144007560598 |    0.0144007560598 |
|   2.52083333333 |               0.0 |    0.0143541894019 |    0.0143541894019 |
|   2.54166666667 |               0.0 |    0.0142317368636 |    0.0142317368636 |
|          2.5625 |               0.0 |    0.0140343829782 |    0.0140343829782 |
|   2.58333333333 |               0.0 |     0.013763711788 |     0.013763711788 |
|   2.60416666667 |               0.0 |    0.0134218914642 |    0.0134218914642 |
|           2.625 |               0.0 |    0.0130116531296 |    0.0130116531296 |
|   2.64583333333 |               0.0 |    0.0125362641091 |    0.0125362641091 |
|   2.66666666667 |               0.0 |    0.0119994958894 |    0.0119994958894 |
|          2.6875 |               0.0 |    0.0114055871296 |    0.0114055871296 |
|   2.70833333333 |               0.0 |    0.0107592021127 |    0.0107592021127 |
|   2.72916666667 |               0.0 |    0.0100653850804 |    0.0100653850804 |
|            2.75 |               0.0 |   0.00932951093433 |   0.00932951093433 |
|   2.77083333333 |               0.0 |    0.0085572328266 |    0.0085572328266 |
|   2.79166666667 |               0.0 |   0.00775442719528 |   0.00775442719528 |
|          2.8125 |               0.0 |   0.00692713682607 |   0.00692713682607 |
|   2.83333333333 |               0.0 |   0.00608151254278 |   0.00608151254278 |
|   2.85416666667 |               0.0 |   0.00522375414261 |   0.00522375414261 |
|           2.875 |               0.0 |    0.0043600511993 |    0.0043600511993 |
|   2.89583333333 |               0.0 |   0.00349652435776 |   0.00349652435776 |
|   2.91666666667 |               0.0 |   0.00263916773714 |   0.00263916773714 |
|          2.9375 |               0.0 |   0.00179379304658 |   0.00179379304658 |
|   2.95833333333 |               0.0 |  0.000965975997848 |  0.000965975997848 |
|   2.97916666667 |               0.0 |  0.000161005573415 |  0.000161005573415 |
|             3.0 |               0.0 | -0.000616163323541 | -0.000616163323541 |
|   3.02083333333 |               0.0 |  -0.00136095334849 |  -0.00136095334849 |
|   3.04166666667 |               0.0 |  -0.00206920387833 |  -0.00206920387833 |
|          3.0625 |               0.0 |  -0.00273720545945 |  -0.00273720545945 |
|   3.08333333333 |               0.0 |  -0.00336172919507 |  -0.00336172919507 |
|   3.10416666667 |               0.0 |  -0.00394005078132 |  -0.00394005078132 |
|           3.125 |               0.0 |  -0.00446996896054 |  -0.00446996896054 |
|   3.14583333333 |               0.0 |  -0.00494981822145 |  -0.00494981822145 |
|   3.16666666667 |               0.0 |  -0.00537847563891 |  -0.00537847563891 |
|          3.1875 |               0.0 |  -0.00575536180993 |  -0.00575536180993 |
|   3.20833333333 |               0.0 |  -0.00608043590747 |  -0.00608043590747 |
|   3.22916666667 |               0.0 |  -0.00635418493733 |  -0.00635418493733 |
|            3.25 |               0.0 |  -0.00657760734683 |  -0.00657760734683 |
|   3.27083333333 |               0.0 |  -0.00675219119533 |  -0.00675219119533 |
|   3.29166666667 |               0.0 |  -0.00687988715585 |  -0.00687988715585 |
|          3.3125 |               0.0 |  -0.00696307667273 |  -0.00696307667273 |
|   3.33333333333 |               0.0 |  -0.00700453565304 |  -0.00700453565304 |
|   3.35416666667 |               0.0 |  -0.00700739411735 |  -0.00700739411735 |
|           3.375 |               0.0 |    -0.006975092279 |    -0.006975092279 |
|   3.39583333333 |               0.0 |  -0.00691133355919 |  -0.00691133355919 |
|   3.41666666667 |               0.0 |  -0.00682003507773 |  -0.00682003507773 |
|          3.4375 |               0.0 |  -0.00670527618608 |  -0.00670527618608 |
|   3.45833333333 |               0.0 |  -0.00657124562931 |  -0.00657124562931 |
|   3.47916666667 |               0.0 |  -0.00642218793778 |  -0.00642218793778 |
|             3.5 |               0.0 |  -0.00626234965629 |  -0.00626234965629 |
|   3.52083333333 |               0.0 |  -0.00609592601901 |  -0.00609592601901 |
|   3.54166666667 |               0.0 |  -0.00592700867231 |  -0.00592700867231 |
|          3.5625 |               0.0 |   -0.0057595350346 |   -0.0057595350346 |
|   3.58333333333 |               0.0 |  -0.00559723986305 |  -0.00559723986305 |
|   3.60416666667 |               0.0 |  -0.00544360957132 |  -0.00544360957132 |
|           3.625 |               0.0 |  -0.00530183981073 |  -0.00530183981073 |
|   3.64583333333 |               0.0 |  -0.00517479679012 |  -0.00517479679012 |
|   3.66666666667 |               0.0 |  -0.00506498276698 |  -0.00506498276698 |
|          3.6875 |               0.0 |  -0.00497450609521 |  -0.00497450609521 |
|   3.70833333333 |               0.0 |  -0.00490505616332 |  -0.00490505616332 |
|   3.72916666667 |               0.0 |   -0.0048578835017 |   -0.0048578835017 |
|            3.75 |               0.0 |  -0.00483378527925 |  -0.00483378527925 |
|   3.77083333333 |               0.0 |  -0.00483309634895 |  -0.00483309634895 |
|   3.79166666667 |               0.0 |  -0.00485568593982 |  -0.00485568593982 |
|          3.8125 |               0.0 |  -0.00490096002875 |  -0.00490096002875 |
|   3.83333333333 |               0.0 |   -0.0049678693622 |   -0.0049678693622 |
|   3.85416666667 |               0.0 |  -0.00505492303424 |  -0.00505492303424 |
|           3.875 |               0.0 |  -0.00516020746464 |  -0.00516020746464 |
|   3.89583333333 |               0.0 |  -0.00528141056044 |  -0.00528141056044 |
|   3.91666666667 |               0.0 |  -0.00541585078576 |  -0.00541585078576 |
|          3.9375 |               0.0 |  -0.00556051080955 |  -0.00556051080955 |
|   3.95833333333 |               0.0 |  -0.00571207534919 |  -0.00571207534919 |
|   3.97916666667 |               0.0 |  -0.00586697278072 |  -0.00586697278072 |
|             4.0 |               0.0 |  -0.00602142004347 |  -0.00602142004347 |
|   4.02083333333 |               0.0 |  -0.00617147032993 |  -0.00617147032993 |
|   4.04166666667 |               0.0 |  -0.00631306301942 |  -0.00631306301942 |
|          4.0625 |               0.0 |  -0.00644207528867 |  -0.00644207528867 |
|   4.08333333333 |               0.0 |  -0.00655437481275 |  -0.00655437481275 |
|   4.10416666667 |               0.0 |  -0.00664587295683 |  -0.00664587295683 |
|           4.125 |               0.0 |  -0.00671257785273 |  -0.00671257785273 |
|   4.14583333333 |               0.0 |  -0.00675064675465 |  -0.00675064675465 |
|   4.16666666667 |               0.0 |  -0.00675643707544 |  -0.00675643707544 |
|          4.1875 |               0.0 |  -0.00672655551839 |  -0.00672655551839 |
|   4.20833333333 |               0.0 |  -0.00665790473966 |  -0.00665790473966 |
|   4.22916666667 |               0.0 |  -0.00654772700289 |  -0.00654772700289 |
|            4.25 |               0.0 |  -0.00639364431989 |  -0.00639364431989 |
|   4.27083333333 |               0.0 |  -0.00619369460932 |  -0.00619369460932 |
|   4.29166666667 |               0.0 |   -0.0059463634484 |   -0.0059463634484 |
|          4.3125 |               0.0 |  -0.00565061104079 |  -0.00565061104079 |
|   4.33333333333 |               0.0 |  -0.00530589407579 |  -0.00530589407579 |
|   4.35416666667 |               0.0 |  -0.00491218220989 |  -0.00491218220989 |
|           4.375 |               0.0 |  -0.00446996896054 |  -0.00446996896054 |
|   4.39583333333 |               0.0 |  -0.00398027686313 |  -0.00398027686313 |
|   4.41666666667 |               0.0 |  -0.00344465680532 |  -0.00344465680532 |
|          4.4375 |               0.0 |  -0.00286518151653 |  -0.00286518151653 |
|   4.45833333333 |               0.0 |  -0.00224443325487 |  -0.00224443325487 |
|   4.47916666667 |               0.0 |  -0.00158548579772 |  -0.00158548579772 |
|             4.5 |               0.0 | -0.000891880904925 | -0.000891880904925 |
|   4.52083333333 |               0.0 | -0.000167599484426 | -0.000167599484426 |
|   4.54166666667 |               0.0 |  0.000582972250748 |  0.000582972250748 |
|          4.5625 |               0.0 |   0.00135508129026 |   0.00135508129026 |
|   4.58333333333 |               0.0 |   0.00214365060291 |   0.00214365060291 |
|   4.60416666667 |               0.0 |   0.00294332573832 |   0.00294332573832 |
|           4.625 |               0.0 |   0.00374852476749 |   0.00374852476749 |
|   4.64583333333 |               0.0 |   0.00455349103858 |   0.00455349103858 |
|   4.66666666667 |               0.0 |   0.00535234819222 |   0.00535234819222 |
|          4.6875 |               0.0 |    0.0061391568549 |    0.0061391568549 |
|   4.70833333333 |               0.0 |   0.00690797240977 |   0.00690797240977 |
|   4.72916666667 |               0.0 |   0.00765290323071 |   0.00765290323071 |
|            4.75 |               0.0 |   0.00836816875978 |   0.00836816875978 |
|   4.77083333333 |               0.0 |   0.00904815680826 |   0.00904815680826 |
|   4.79166666667 |               0.0 |   0.00968747946886 |   0.00968747946886 |
|          4.8125 |               0.0 |    0.0102810270406 |    0.0102810270406 |
|   4.83333333333 |               0.0 |    0.0108240193879 |    0.0108240193879 |
|   4.85416666667 |               0.0 |     0.011312054183 |     0.011312054183 |
|           4.875 |               0.0 |    0.0117411515125 |    0.0117411515125 |
|   4.89583333333 |               0.0 |    0.0121077943674 |    0.0121077943674 |
|   4.91666666667 |               0.0 |     0.012408964581 |     0.012408964581 |
|          4.9375 |               0.0 |    0.0126421738252 |    0.0126421738252 |
|   4.95833333333 |               0.0 |    0.0128054893298 |    0.0128054893298 |
|   4.97916666667 |               0.0 |    0.0128975540461 |    0.0128975540461 |
|             5.0 |               0.0 |    0.0129176010341 |    0.0129176010341 |
|   5.02083333333 |               0.0 |    0.0128654619146 |    0.0128654619146 |
|   5.04166666667 |               0.0 |    0.0127415692934 |    0.0127415692934 |
|          5.0625 |               0.0 |     0.012546953125 |     0.012546953125 |
|   5.08333333333 |               0.0 |    0.0122832310532 |    0.0122832310532 |
|   5.10416666667 |               0.0 |    0.0119525928249 |    0.0119525928249 |
|           5.125 |               0.0 |    0.0115577789434 |    0.0115577789434 |
|   5.14583333333 |               0.0 |     0.011102053783 |     0.011102053783 |
|   5.16666666667 |               0.0 |    0.0105891734503 |    0.0105891734503 |
|          5.1875 |               0.0 |    0.0100233487314 |    0.0100233487314 |
|   5.20833333333 | 8.80720757913e-05 |   0.00940920351897 |   0.00949727559476 |
|   5.22916666667 |  7.6560159913e-05 |   0.00875172915831 |   0.00882828931823 |
|            5.25 | 6.47214672528e-05 |   0.00805623519875 |   0.00812095666601 |
|   5.27083333333 | 5.25900753214e-05 |   0.00732829707162 |   0.00738088714695 |
|   5.29166666667 | 4.02012396135e-05 |   0.00657370125085 |   0.00661390249046 |
|          5.3125 | 2.75912913102e-05 |   0.00579838847765 |   0.00582597976896 |
|   5.33333333333 | 1.47975308314e-05 |   0.00500839565144 |   0.00502319318227 |
|   5.35416666667 | 1.85811754992e-06 |   0.00420979700266 |   0.00421165512021 |
|           5.375 |               0.0 |   0.00340864517009 |   0.00340864517009 |
|   5.39583333333 |               0.0 |   0.00261091280579 |   0.00261091280579 |
|   5.41666666667 |               0.0 |   0.00182243532394 |   0.00182243532394 |
|          5.4375 |               0.0 |   0.00104885539687 |   0.00104885539687 |
|   5.45833333333 |               0.0 |  0.000295569781796 |  0.000295569781796 |
|   5.47916666667 |               0.0 | -0.000432320964305 | -0.000432320964305 |
|             5.5 |               0.0 |  -0.00113005935638 |  -0.00113005935638 |
|   5.52083333333 |               0.0 |  -0.00179327395188 |  -0.00179327395188 |
|   5.54166666667 |               0.0 |  -0.00241801797575 |  -0.00241801797575 |
|          5.5625 |               0.0 |   -0.0030008032031 |   -0.0030008032031 |
|   5.58333333333 |               0.0 |  -0.00353862875498 |  -0.00353862875498 |
|   5.60416666667 |               0.0 |  -0.00402900451836 |  -0.00402900451836 |
|           5.625 |               0.0 |  -0.00446996896054 |  -0.00446996896054 |
|   5.64583333333 |               0.0 |   -0.0048601011693 |   -0.0048601011693 |
|   5.66666666667 |               0.0 |  -0.00519852701339 |  -0.00519852701339 |
|          5.6875 |               0.0 |  -0.00548491938195 |  -0.00548491938195 |
|   5.70833333333 |               0.0 |  -0.00571949252631 |  -0.00571949252631 |
|   5.72916666667 |               0.0 |  -0.00590299059151 |  -0.00590299059151 |
|            5.75 |               0.0 |  -0.00603667048843 |  -0.00603667048843 |
|   5.77083333333 |               0.0 |  -0.00612227931854 |  -0.00612227931854 |
|   5.79166666667 |               0.0 |  -0.00616202662272 |  -0.00616202662272 |
|          5.8125 |               0.0 |  -0.00615855178148 |  -0.00615855178148 |
|   5.83333333333 |               0.0 |  -0.00611488694625 |  -0.00611488694625 |
|   5.85416666667 |               0.0 |  -0.00603441592981 |  -0.00603441592981 |
|           5.875 |               0.0 |  -0.00592082952713 |  -0.00592082952713 |
|   5.89583333333 |               0.0 |  -0.00577807777626 |  -0.00577807777626 |
|   5.91666666667 |               0.0 |  -0.00561031970146 |  -0.00561031970146 |
|          5.9375 |               0.0 |  -0.00542187110726 |  -0.00542187110726 |
|   5.95833333333 |               0.0 |  -0.00521715101259 |  -0.00521715101259 |
|   5.97916666667 |               0.0 |  -0.00500062732776 |  -0.00500062732776 |
|             6.0 |               0.0 |  -0.00477676238448 |  -0.00477676238448 |
|   6.02083333333 |               0.0 |  -0.00454995892924 |  -0.00454995892924 |
|   6.04166666667 |               0.0 |  -0.00432450718431 |  -0.00432450718431 |
|          6.0625 |               0.0 |   -0.0041045335677 |   -0.0041045335677 |
|   6.08333333333 |               0.0 |   -0.0038939516438 |   -0.0038939516438 |
|   6.10416666667 |               0.0 |  -0.00369641585093 |  -0.00369641585093 |
|           6.125 |               0.0 |  -0.00351527852005 |  -0.00351527852005 |
|   6.14583333333 |               0.0 |   -0.0033535506618 |   -0.0033535506618 |
|   6.16666666667 |               0.0 |  -0.00321386695611 |  -0.00321386695611 |
|          6.1875 |               0.0 |  -0.00309845533156 |  -0.00309845533156 |
|   6.20833333333 |               0.0 |   -0.0030091114697 |   -0.0030091114697 |
|   6.22916666667 |               0.0 |  -0.00294717851457 |  -0.00294717851457 |
|            6.25 |               0.0 |  -0.00291353220904 |  -0.00291353220904 |
|   6.27083333333 |               0.0 |  -0.00290857161903 |  -0.00290857161903 |
|   6.29166666667 |               0.0 |  -0.00293221554381 |  -0.00293221554381 |
|          6.3125 |               0.0 |  -0.00298390464745 |  -0.00298390464745 |
|   6.33333333333 |               0.0 |  -0.00306260928199 |  -0.00306260928199 |
|   6.35416666667 |               0.0 |  -0.00316684290972 |  -0.00316684290972 |
|           6.375 |               0.0 |   -0.0032946809692 |   -0.0032946809692 |
|   6.39583333333 |               0.0 |  -0.00344378496865 |  -0.00344378496865 |
|   6.41666666667 |               0.0 |  -0.00361143153235 |  -0.00361143153235 |
|          6.4375 |               0.0 |  -0.00379454606964 |  -0.00379454606964 |
|   6.45833333333 |               0.0 |  -0.00398974068508 |  -0.00398974068508 |
|   6.47916666667 |               0.0 |  -0.00419335590017 |  -0.00419335590017 |
|             6.5 |               0.0 |  -0.00440150571476 |  -0.00440150571476 |
|   6.52083333333 |               0.0 |  -0.00461012549837 |  -0.00461012549837 |
|   6.54166666667 |               0.0 |  -0.00481502216994 |  -0.00481502216994 |
|          6.5625 | 1.13835267655e-05 |  -0.00501192609855 |  -0.00500054257179 |
|   6.58333333333 | 2.73736303188e-05 |  -0.00519654413795 |  -0.00516917050763 |
|   6.60416666667 |  4.3381677368e-05 |  -0.00536461319458 |  -0.00532123151721 |
|           6.625 |  5.9358619029e-05 |  -0.00551195372228 |  -0.00545259510325 |
|   6.64583333333 | 7.52551982804e-05 |  -0.00563452253706 |  -0.00555926733878 |
|   6.66666666667 | 9.10221017659e-05 |  -0.00572846435212 |  -0.00563744225035 |
|          6.6875 | 0.000106610112672 |  -0.00579016144683 |  -0.00568355133416 |
|   6.70833333333 | 0.000121970264204 |  -0.00581628090363 |  -0.00569431063943 |
|   6.72916666667 |  0.00013705399319 |  -0.00580381887263 |  -0.00566676487944 |
|            6.75 | 0.000151813293318 |  -0.00575014135641 |  -0.00559832806309 |
|   6.77083333333 | 0.000166200867539 |  -0.00565302104518 |  -0.00548682017765 |
|   6.79166666667 | 0.000180170279141 |  -0.00551066977553 |  -0.00533049949639 |
|          6.8125 | 0.000193676101024 |  -0.00532176623396 |  -0.00512809013294 |
|   6.83333333333 | 0.000206674062682 |  -0.00508547857847 |  -0.00487880451578 |
|   6.85416666667 | 0.000219121194434 |  -0.00480148170699 |  -0.00458236051256 |
|           6.875 | 0.000230975968436 |  -0.00446996896054 |   -0.0042389929921 |
|   6.89583333333 | 0.000242198435995 |  -0.00409165810966 |  -0.00384945967367 |
|   6.91666666667 | 0.000252750360764 |  -0.00366779153612 |  -0.00341504117536 |
|          6.9375 | 0.000262595347347 |  -0.00320013058516 |  -0.00293753523782 |
|   6.95833333333 | 0.000271698964911 |  -0.00269094412835 |  -0.00241924516344 |
|   6.97916666667 | 0.000280028865377 |  -0.00214299144055 |  -0.00186296257517 |
|             7.0 | 0.000287554895794 |  -0.00155949955744 |  -0.00127194466165 |
|   7.02083333333 | 0.000294249204507 | -0.000944135341181 | -0.000649886136674 |
|   7.04166666667 | 0.000300086340764 | -0.000300972540013 | -8.86199248588e-07 |
|          7.0625 | 0.000305043347405 |  0.000365545816463 |  0.000670589163868 |
|   7.08333333333 |   0.0003090998463 |   0.00105064929315 |   0.00135974913945 |
|   7.10416666667 | 0.000312238116251 |   0.00174928575549 |   0.00206152387174 |
|           7.125 |  0.00031444316305 |   0.00245617042213 |   0.00277061358518 |
|   7.14583333333 | 0.000315702781439 |   0.00316583774292 |   0.00348154052436 |
|   7.16666666667 | 0.000316007608742 |    0.0038726955494 |   0.00418870315814 |
|          7.1875 | 0.000315351169949 |   0.00457108089881 |   0.00488643206876 |
|   7.20833333333 | 0.000313729914064 |   0.00525531701341 |   0.00556904692748 |
|   7.22916666667 | 0.000311143241558 |   0.00591977070368 |   0.00623091394524 |
|            7.25 | 0.000307593522798 |   0.00655890965768 |   0.00686650318047 |
|   7.27083333333 | 0.000303086107345 |   0.00716735897947 |   0.00747044508681 |
|   7.29166666667 | 0.000297629324027 |   0.00773995636634 |   0.00803758569036 |
|          7.3125 | 0.000291234471769 |   0.00827180532854 |   0.00856303980031 |
|   7.33333333333 | 0.000283915801131 |   0.00875832587566 |    0.0090422416768 |
|   7.35416666667 | 0.000275690486575 |   0.00919530212011 |   0.00947099260669 |
|           7.375 | 0.000266578589495 |    0.0095789262812 |   0.00984550487069 |
|   7.39583333333 | 0.000256603012084 |   0.00990583861117 |    0.0101624416232 |
|   7.41666666667 | 0.000245789442122 |    0.0101731628085 |    0.0104189522506 |
|          7.4375 |  0.00023416628882 |    0.0103785365315 |    0.0106127028203 |
|   7.45833333333 | 0.000221764609859 |    0.0105201366788 |    0.0107419012887 |
|   7.47916666667 | 0.000208618029833 |    0.0105966991577 |    0.0108053171875 |
|             7.5 | 0.000194762650264 |    0.0106075329229 |    0.0108022955732 |
|   7.52083333333 | 0.000180236951473 |    0.0105525281281 |    0.0107327650795 |
|   7.54166666667 | 0.000165081686528 |    0.0104321582963 |    0.0105972399829 |
|          7.5625 | 0.000149339767585 |    0.0102474764814 |     0.010396816249 |
|   7.58333333333 | 0.000133056144932 |     0.010000105454 |    0.0101331615989 |
|   7.60416666667 | 0.000116277679065 |   0.00969222201403 |   0.00980849969309 |
|           7.625 | 9.90530061723e-05 |   0.00932653559239 |   0.00942558859856 |
|   7.64583333333 | 8.14323973979e-05 |   0.00890626136629 |   0.00898769376369 |
|   7.66666666667 | 6.34676123077e-05 |    0.0084350881731 |   0.00849855578541 |
|          7.6875 | 4.52117469684e-05 |   0.00791714156256 |   0.00796235330952 |
|   7.70833333333 | 2.67190770949e-05 |      0.00735694238 |    0.0073836614571 |
|   7.72916666667 | 8.04489672542e-06 |   0.00675936132135 |   0.00676740621808 |
|            7.75 |               0.0 |   0.00612956994389 |   0.00612956994389 |
|   7.77083333333 |               0.0 |   0.00547298865504 |   0.00547298865504 |
|   7.79166666667 |               0.0 |   0.00479523223374 |   0.00479523223374 |
|          7.8125 |               0.0 |   0.00410205346528 |   0.00410205346528 |
|   7.83333333333 |               0.0 |   0.00339928549077 |   0.00339928549077 |
|   7.85416666667 |               0.0 |    0.0026927834857 |    0.0026927834857 |
|           7.875 |               0.0 |   0.00198836628913 |   0.00198836628913 |
|   7.89583333333 |               0.0 |   0.00129175860503 |   0.00129175860503 |
|   7.91666666667 |               0.0 |  0.000608534390589 |  0.000608534390589 |
|          7.9375 |               0.0 |  -5.5937966782e-05 |  -5.5937966782e-05 |
|   7.95833333333 |               0.0 | -0.000696548102177 | -0.000696548102177 |
|   7.97916666667 |               0.0 |  -0.00130849320005 |  -0.00130849320005 |
|             8.0 |               0.0 |  -0.00188732407187 |  -0.00188732407187 |
|   8.02083333333 |               0.0 |  -0.00242898729921 |  -0.00242898729921 |
|   8.04166666667 |               0.0 |  -0.00292986299985 |  -0.00292986299985 |
|          8.0625 |               0.0 |  -0.00338679782259 |  -0.00338679782259 |
|   8.08333333333 |               0.0 |  -0.00379713282866 |  -0.00379713282866 |
|   8.10416666667 |               0.0 |  -0.00415872597335 |  -0.00415872597335 |
|           8.125 |               0.0 |  -0.00446996896054 |  -0.00446996896054 |
|   8.14583333333 |               0.0 |  -0.00472979830432 |  -0.00472979830432 |
|   8.16666666667 |               0.0 |  -0.00493770049492 |  -0.00493770049492 |
|          8.1875 |               0.0 |  -0.00509371123036 |  -0.00509371123036 |
|   8.20833333333 |               0.0 |  -0.00519840874008 |  -0.00519840874008 |
|   8.22916666667 |               0.0 |  -0.00525290129087 |  -0.00525290129087 |
|            8.25 |               0.0 |  -0.00525880902872 |  -0.00525880902872 |
|   8.27083333333 |               0.0 |  -0.00521824037179 |  -0.00521824037179 |
|   8.29166666667 |               0.0 |  -0.00513376322872 |  -0.00513376322872 |
|          8.3125 |               0.0 |  -0.00500837137259 |  -0.00500837137259 |
|   8.33333333333 |               0.0 |  -0.00484544635322 |  -0.00484544635322 |
|   8.35416666667 |               0.0 |  -0.00464871537887 |  -0.00464871537887 |
|           8.375 |               0.0 |  -0.00442220564135 |  -0.00442220564135 |
|   8.39583333333 |               0.0 |  -0.00417019559736 |  -0.00417019559736 |
|   8.41666666667 |               0.0 |  -0.00389716375084 |  -0.00389716375084 |
|          8.4375 |               0.0 |  -0.00360773550807 |  -0.00360773550807 |
|   8.45833333333 |               0.0 |   -0.0033066286973 |   -0.0033066286973 |
|   8.47916666667 |               0.0 |  -0.00299859835847 |  -0.00299859835847 |
|             8.5 |               0.0 |  -0.00268838141576 |  -0.00268838141576 |
|   8.52083333333 |               0.0 |  -0.00238064184598 |  -0.00238064184598 |
|   8.54166666667 |               0.0 |  -0.00207991694951 |  -0.00207991694951 |
|          8.5625 |               0.0 |  -0.00179056531734 |  -0.00179056531734 |
|   8.58333333333 |               0.0 |  -0.00151671706858 |  -0.00151671706858 |
|   8.60416666667 |               0.0 |  -0.00126222690645 |  -0.00126222690645 |
|           8.625 |               0.0 |  -0.00103063050941 |  -0.00103063050941 |
|   8.64583333333 |               0.0 | -0.000825104736304 | -0.000825104736304 |
|   8.66666666667 |               0.0 | -0.000648432081783 | -0.000648432081783 |
|          8.6875 |               0.0 | -0.000502969770684 | -0.000502969770684 |
|   8.70833333333 |               0.0 | -0.000390623828334 | -0.000390623828334 |
|   8.72916666667 |               0.0 | -0.000312828408285 | -0.000312828408285 |
|            8.75 |               0.0 | -0.000270530600476 | -0.000270530600476 |
|   8.77083333333 |               0.0 | -0.000264180881886 | -0.000264180881886 |
|   8.79166666667 |               0.0 | -0.000293729309042 | -0.000293729309042 |
|          8.8125 |               0.0 |  -0.00035862748801 |  -0.00035862748801 |
|   8.83333333333 |               0.0 | -0.000457836293336 | -0.000457836293336 |
|   8.85416666667 |               0.0 | -0.000589839243678 | -0.000589839243678 |
|           8.875 |               0.0 | -0.000752661379057 | -0.000752661379057 |
|   8.89583333333 |               0.0 | -0.000943893423715 | -0.000943893423715 |
|   8.91666666667 |               0.0 |  -0.00116072095991 |  -0.00116072095991 |
|          8.9375 | 9.30149228572e-06 |   -0.0013999582824 |  -0.00139065679011 |
|   8.95833333333 | 3.10481117247e-05 |  -0.00165808655156 |  -0.00162703843984 |
|   8.97916666667 | 5.28016426894e-05 |  -0.00193129581523 |  -0.00187849417254 |
|             9.0 | 7.44957614226e-05 |  -0.00221553042654 |  -0.00214103466512 |
|   9.02083333333 | 9.60640210903e-05 |  -0.00250653734739 |   -0.0024104733263 |
|   9.04166666667 | 0.000117440055269 |   -0.0027999167948 |  -0.00268247673953 |
|          9.0625 | 0.000138557782095 |  -0.00309117466176 |  -0.00295261687967 |
|   9.08333333333 | 0.000159351608452 |   -0.0033757761239 |  -0.00321642451545 |
|   9.10416666667 | 0.000179756633561 |  -0.00364919983038 |  -0.00346944319682 |
|           9.125 | 0.000199708851343 |  -0.00390699207051 |  -0.00370728321916 |
|   9.14583333333 |  0.00021914535093 |  -0.00414482030758 |  -0.00392567495665 |
|   9.16666666667 | 0.000238004514683 |  -0.00435852547843 |  -0.00412052096375 |
|          9.1875 | 0.000256226213112 |  -0.00454417247031 |   -0.0042879462572 |
|   9.20833333333 | 0.000273751996066 |  -0.00469809820667 |   -0.0044243462106 |
|   9.22916666667 | 0.000290525279602 |   -0.0048169567997 |  -0.00452643152009 |
|            9.25 | 0.000306491527926 |  -0.00489776125942 |  -0.00459126973149 |
|   9.27083333333 | 0.000321598429825 |  -0.00493792128707 |  -0.00461632285724 |
|   9.29166666667 | 0.000335796069028 |  -0.00493527672341 |  -0.00459948065438 |
|          9.3125 | 0.000349037087936 |   -0.0048881262704 |  -0.00453908918247 |
|   9.33333333333 | 0.000361276844194 |  -0.00479525115665 |  -0.00443397431246 |
|   9.35416666667 | 0.000372473559587 |  -0.00465593347265 |  -0.00428345991306 |
|           9.375 | 0.000382588460767 |  -0.00446996896054 |  -0.00408738049977 |
|   9.39583333333 | 0.000391585911348 |   -0.0042376741041 |  -0.00384608819276 |
|   9.41666666667 | 0.000399433534916 |  -0.00395988742774 |  -0.00356045389283 |
|          9.4375 | 0.000406102328542 |  -0.00363796497667 |  -0.00323186264813 |
|   9.45833333333 | 0.000411566766412 |  -0.00327377001511 |   -0.0028622032487 |
|   9.47916666667 | 0.000415804893195 |   -0.0028696570429 |  -0.00245385214971 |
|             9.5 | 0.000418798406841 |  -0.00242845029365 |   -0.0020096518868 |
|   9.52083333333 |  0.00042053273049 |  -0.00195341693873 |  -0.00153288420824 |
|   9.54166666667 | 0.000420997073238 |  -0.00144823527988 |  -0.00102723820664 |
|          9.5625 | 0.000420184479513 | -0.000916958268635 | -0.000496773789122 |
|   9.58333333333 | 0.000418091866875 | -0.000363972742715 |  5.41191241595e-05 |
|   9.60416666667 | 0.000414720052062 |  0.000206045182873 |  0.000620765234936 |
|           9.625 | 0.000410073765167 |  0.000788178089651 |   0.00119825185482 |
|   9.64583333333 | 0.000404161651835 |   0.00137731807629 |   0.00178147972812 |
|   9.66666666667 | 0.000396996263439 |   0.00196821987612 |   0.00236521613956 |
|          9.6875 | 0.000388594035212 |   0.00255555569574 |   0.00294414973095 |
|   9.70833333333 | 0.000378975252343 |   0.00313397117926 |    0.0035129464316 |
|   9.72916666667 | 0.000368164004105 |   0.00369814188971 |   0.00406630589382 |
|            9.75 |   0.0003561881261 |   0.00424282969272 |   0.00459901781882 |
|   9.77083333333 | 0.000343079130748 |   0.00476293842789 |   0.00510601755864 |
|   9.79166666667 | 0.000328872126195 |   0.00525356826021 |    0.0055824403864 |
|          9.8125 | 0.000313605723829 |   0.00571006811779 |   0.00602367384162 |
|   9.83333333333 | 0.000297321934658 |   0.00612808564224 |    0.0064254075769 |
|   9.85416666667 | 0.000280066054808 |   0.00650361410445 |   0.00678368015926 |
|           9.875 | 0.000261886540461 |   0.00683303577127 |   0.00709492231173 |
|   9.89583333333 | 0.000242834872574 |    0.0071131612465 |   0.00735599611907 |
|   9.91666666667 | 0.000222965411741 |   0.00734126435314 |   0.00756422976488 |
|          9.9375 | 0.000202335243627 |   0.00751511217184 |   0.00771744741546 |
|   9.95833333333 | 0.000181004015394 |   0.00763298990303 |   0.00781399391842 |
|   9.97916666667 | 0.000159033763592 |    0.0076937202761 |   0.00785275403969 |
|            10.0 | 0.000136488734015 |   0.00769667728818 |   0.00783316602219 |
|   10.0208333333 | 0.000113435194034 |   0.00764179411649 |   0.00775522931053 |
|   10.0416666667 | 8.99412379686e-05 |   0.00752956511155 |   0.00761950634952 |
|         10.0625 | 6.60765860518e-05 |   0.00736104184262 |   0.00742711842867 |
|   10.0833333333 | 4.19123775976e-05 |    0.0071378232316 |   0.00717973560919 |
|   10.1041666667 | 1.75209589724e-05 |   0.00686203987561 |   0.00687956083458 |
|          10.125 |               0.0 |   0.00653633272188 |   0.00653633272188 |
|   10.1458333333 |               0.0 |   0.00616382631963 |   0.00616382631963 |
|   10.1666666667 |               0.0 |   0.00574809693314 |   0.00574809693314 |
|         10.1875 |               0.0 |   0.00529313585545 |   0.00529313585545 |
|   10.2083333333 |               0.0 |   0.00480330831503 |   0.00480330831503 |
|   10.2291666667 |               0.0 |   0.00428330841507 |   0.00428330841507 |
|           10.25 |               0.0 |   0.00373811058875 |   0.00373811058875 |
|   10.2708333333 |               0.0 |   0.00317291809135 |   0.00317291809135 |
|   10.2916666667 |               0.0 |   0.00259310908267 |   0.00259310908267 |
|         10.3125 |               0.0 |   0.00200418087905 |   0.00200418087905 |
|   10.3333333333 |               0.0 |   0.00141169297462 |   0.00141169297462 |
|   10.3541666667 |               0.0 |  0.000821209444426 |  0.000821209444426 |
|          10.375 |               0.0 |  0.000238241348975 |  0.000238241348975 |
|   10.3958333333 |               0.0 | -0.000331810240255 | -0.000331810240255 |
|   10.4166666667 |               0.0 | -0.000883709981799 | -0.000883709981799 |
|         10.4375 |               0.0 |  -0.00141244217238 |  -0.00141244217238 |
|   10.4583333333 |               0.0 |   -0.0019132622431 |   -0.0019132622431 |
|   10.4791666667 |               0.0 |  -0.00238174529072 |  -0.00238174529072 |
|            10.5 |               0.0 |  -0.00281383112349 |  -0.00281383112349 |
|   10.5208333333 |               0.0 |  -0.00320586533878 |  -0.00320586533878 |
|   10.5416666667 |               0.0 |  -0.00355463599343 |  -0.00355463599343 |
|         10.5625 |               0.0 |  -0.00385740547516 |  -0.00385740547516 |
|   10.5833333333 |               0.0 |  -0.00411193723628 |  -0.00411193723628 |
|   10.6041666667 |               0.0 |  -0.00431651710646 |  -0.00431651710646 |
|          10.625 |               0.0 |  -0.00446996896054 |  -0.00446996896054 |
|   10.6458333333 |               0.0 |  -0.00457166457881 |  -0.00457166457881 |
|   10.6666666667 |               0.0 |  -0.00462152760041 |  -0.00462152760041 |
|         10.6875 |               0.0 |  -0.00462003153474 |  -0.00462003153474 |
|   10.7083333333 |               0.0 |   -0.0045681918604 |   -0.0045681918604 |
|   10.7291666667 |               0.0 |   -0.0044675523056 |   -0.0044675523056 |
|           10.75 |               0.0 |  -0.00432016546703 |  -0.00432016546703 |
|   10.7708333333 |               0.0 |  -0.00412856798599 |  -0.00412856798599 |
|   10.7916666667 |               0.0 |  -0.00389575055919 |  -0.00389575055919 |
|         10.8125 |               0.0 |  -0.00362512311825 |  -0.00362512311825 |
|   10.8333333333 |               0.0 |  -0.00332047556391 |  -0.00332047556391 |
|   10.8541666667 |               0.0 |  -0.00298593448919 |  -0.00298593448919 |
|          10.875 |               0.0 |  -0.00262591636914 |  -0.00262591636914 |
|   10.8958333333 |               0.0 |  -0.00224507773294 |  -0.00224507773294 |
|   10.9166666667 |               0.0 |  -0.00184826286658 |  -0.00184826286658 |
|         10.9375 |               0.0 |  -0.00144044962078 |  -0.00144044962078 |
|   10.9583333333 |               0.0 |  -0.00102669391906 |  -0.00102669391906 |
|   10.9791666667 |               0.0 |  -0.00061207357438 |  -0.00061207357438 |
|            11.0 |               0.0 | -0.000201632029944 | -0.000201632029944 |
|   11.0208333333 |               0.0 |  0.000199677360118 |  0.000199677360118 |
|   11.0416666667 |               0.0 |  0.000587045900928 |  0.000587045900928 |
|         11.0625 |               0.0 |  0.000955862381761 |  0.000955862381761 |
|   11.0833333333 |               0.0 |   0.00130176357923 |   0.00130176357923 |
|   11.1041666667 |               0.0 |   0.00162068188825 |   0.00162068188825 |
|          11.125 |               0.0 |   0.00190888956236 |   0.00190888956236 |
|   11.1458333333 |               0.0 |   0.00216303908246 |   0.00216303908246 |
|   11.1666666667 |               0.0 |   0.00238019921607 |   0.00238019921607 |
|         11.1875 |               0.0 |   0.00255788637692 |   0.00255788637692 |
|   11.2083333333 |               0.0 |   0.00269409094637 |   0.00269409094637 |
|   11.2291666667 |               0.0 |   0.00278729827414 |   0.00278729827414 |
|           11.25 |               0.0 |   0.00283650413412 |   0.00283650413412 |
|   11.2708333333 |               0.0 |   0.00284122447256 |   0.00284122447256 |
|   11.2916666667 |               0.0 |   0.00280149934841 |   0.00280149934841 |
|         11.3125 | 3.92362317424e-06 |   0.00271789102984 |   0.00272181465301 |
|   11.3333333333 | 3.14263411602e-05 |   0.00259147627511 |   0.00262290261627 |
|   11.3541666667 | 5.89348543809e-05 |   0.00242383289002 |   0.00248276774441 |
|          11.375 |  8.6365535635e-05 |   0.00221702071701 |   0.00230338625264 |
|   11.3958333333 | 0.000113634689963 |   0.00197355727219 |   0.00208719196216 |
|   11.4166666667 | 0.000140658809993 |   0.00169638830563 |   0.00183704711563 |
|         11.4375 | 0.000167354831632 |   0.00138885361549 |   0.00155620844712 |
|   11.4583333333 | 0.000193640389307 |   0.00105464849916 |   0.00124828888847 |
|   11.4791666667 | 0.000219434069991 |   0.00069778127229 |  0.000917215342281 |
|            11.5 | 0.000244655665213 |  0.000322527329395 |  0.000567182994608 |
|   11.5208333333 | 0.000269226420281 |  -6.6619741766e-05 |  0.000202606678515 |
|   11.5416666667 | 0.000293069279942 | -0.000464999448201 | -0.000171930168258 |
|         11.5625 | 0.000316109129722 | -0.000867837511599 | -0.000551728381877 |
|   11.5833333333 | 0.000338273032166 |  -0.00127030022985 | -0.000932027197682 |
|   11.6041666667 | 0.000359490457274 |  -0.00166754947633 |  -0.00130805901905 |
|          11.625 | 0.000379693506371 |  -0.00205479772632 |  -0.00167510421995 |
|   11.6458333333 |  0.00039881712872 |  -0.00242736249978 |  -0.00202854537106 |
|   11.6666666667 | 0.000416799330191 |  -0.00278071961626 |  -0.00236392028607 |
|         11.6875 | 0.000433581373304 |  -0.00311055467116 |  -0.00267697329786 |
|   11.7083333333 | 0.000449107968025 |  -0.00341281216198 |  -0.00296370419396 |
|   11.7291666667 | 0.000463327452671 |  -0.00368374171966 |  -0.00322041426699 |
|           11.75 | 0.000476191964365 |  -0.00391994093169 |  -0.00344374896732 |
|   11.7708333333 | 0.000487657598454 |  -0.00411839428169 |  -0.00363073668323 |
|   11.7916666667 | 0.000497684556392 |  -0.00427650777297 |  -0.00377882321658 |
|         11.8125 | 0.000506237281564 |  -0.00439213885108 |  -0.00388590156952 |
|   11.8333333333 | 0.000513284582628 |  -0.00446362129252 |   -0.0039503367099 |
|   11.8541666667 | 0.000518799743922 |  -0.00448978478215 |  -0.00397098503823 |
|          11.875 | 0.000522760622574 |  -0.00446996896054 |  -0.00394720833796 |
|   11.8958333333 | 0.000525149731968 |  -0.00440403178356 |  -0.00387888205159 |
|   11.9166666667 | 0.000525954311257 |  -0.00429235209916 |  -0.00376639778791 |
|         11.9375 | 0.000525166380668 |  -0.00413582641024 |  -0.00361066002957 |
|   11.9583333333 | 0.000522782782388 |  -0.00393585985656 |  -0.00341307707418 |
|   11.9791666667 | 0.000518805206835 |  -0.00369435151265 |  -0.00317554630582 |
|            12.0 | 0.000513240204216 |  -0.00341367416114 |  -0.00290043395692 |
|   12.0208333333 | 0.000506099181253 |  -0.00309664876222 |  -0.00259054958097 |
|   12.0416666667 | 0.000497398383061 |  -0.00274651389843 |  -0.00224911551537 |
|         12.0625 |  0.00048715886018 |  -0.00236689052946 |  -0.00187973166928 |
|   12.0833333333 | 0.000475406420795 |  -0.00196174244355 |  -0.00148633602276 |
|   12.1041666667 | 0.000462171568264 |   -0.0015353328399 |  -0.00107316127164 |
|          12.125 | 0.000447489424079 |  -0.00109217751886 | -0.000644688094784 |
|   12.1458333333 | 0.000431399636457 |    -0.000636995195 | -0.000205595558543 |
|   12.1666666667 | 0.000413946274783 | -0.000174655479452 |  0.000239290795331 |
|         12.1875 | 0.000395177710191 |  0.000289874895574 |  0.000685052605765 |
|   12.2083333333 | 0.000375146482597 |  0.000751587017845 |   0.00112673350044 |
|   12.2291666667 | 0.000353909154547 |   0.00120548529611 |   0.00155939445066 |
|           12.25 | 0.000331526152281 |   0.00164664290898 |   0.00197816906126 |
|   12.2708333333 | 0.000308061594464 |   0.00207025658971 |   0.00237831818417 |
|   12.2916666667 | 0.000283583109055 |   0.00247170014199 |   0.00275528325104 |
|         12.3125 | 0.000258161638853 |   0.00284657609517 |   0.00310473773402 |
|   12.3333333333 | 0.000231871236259 |    0.0031907649276 |   0.00342263616386 |
|   12.3541666667 | 0.000204788847861 |   0.00350047131306 |   0.00370526016092 |
|          12.375 | 0.000176994089457 |   0.00377226687753 |   0.00394926096698 |
|   12.3958333333 | 0.000148569012185 |   0.00400312899154 |   0.00415169800373 |
|   12.4166666667 |  0.00011959786043 |   0.00419047516678 |   0.00431007302721 |
|         12.4375 | 9.01668222423e-05 |   0.00433219267308 |   0.00442235949532 |
|   12.4583333333 | 6.03637729852e-05 |   0.00442666304474 |   0.00448702681773 |
|   12.4791666667 | 3.02780129911e-05 |   0.00447278120051 |    0.0045030592135 |
|            12.5 | 3.65096693425e-18 |   0.00446996896054 |   0.00446996896054 |
|   12.5208333333 |               0.0 |   0.00441818280523 |   0.00441818280523 |
|   12.5416666667 |               0.0 |   0.00431791578346 |   0.00431791578346 |
|         12.5625 |               0.0 |   0.00417019354203 |   0.00417019354203 |
|   12.5833333333 |               0.0 |   0.00397656451262 |   0.00397656451262 |
|   12.6041666667 |               0.0 |   0.00373908435636 |   0.00373908435636 |
|          12.625 |               0.0 |   0.00346029482928 |   0.00346029482928 |
|   12.6458333333 |               0.0 |   0.00314319729307 |   0.00314319729307 |
|   12.6666666667 |               0.0 |   0.00279122115434 |   0.00279122115434 |
|         12.6875 |               0.0 |   0.00240818757125 |   0.00240818757125 |
|   12.7083333333 |               0.0 |   0.00199826881855 |   0.00199826881855 |
|   12.7291666667 |               0.0 |   0.00156594374962 |   0.00156594374962 |
|           12.75 |               0.0 |   0.00111594983729 |   0.00111594983729 |
|   12.7708333333 |               0.0 |  0.000653232312864 |  0.000653232312864 |
|   12.7916666667 |               0.0 |  0.000182890954752 |  0.000182890954752 |
|         12.8125 |               0.0 | -0.000289874895574 | -0.000289874895574 |
|   12.8333333333 |               0.0 | -0.000759822493146 | -0.000759822493146 |
|   12.8541666667 |               0.0 |  -0.00122172241398 |  -0.00122172241398 |
|          12.875 |               0.0 |   -0.0016704152274 |   -0.0016704152274 |
|   12.8958333333 |               0.0 |  -0.00210086749942 |  -0.00210086749942 |
|   12.9166666667 |               0.0 |  -0.00250822651698 |  -0.00250822651698 |
|         12.9375 |               0.0 |  -0.00288787313696 |  -0.00288787313696 |
|   12.9583333333 |               0.0 |   -0.0032354721835 |   -0.0032354721835 |
|   12.9791666667 |               0.0 |  -0.00354701984391 |  -0.00354701984391 |
|            13.0 |               0.0 |  -0.00381888754566 |  -0.00381888754566 |
|   13.0208333333 |               0.0 |  -0.00404786183525 |  -0.00404786183525 |
|   13.0416666667 |               0.0 |  -0.00423117982284 |  -0.00423117982284 |
|         13.0625 |               0.0 |  -0.00436655980487 |  -0.00436655980487 |
|   13.0833333333 |               0.0 |  -0.00445222672904 |  -0.00445222672904 |
|   13.1041666667 |               0.0 |  -0.00448693222218 |  -0.00448693222218 |
|          13.125 |               0.0 |  -0.00446996896054 |  -0.00446996896054 |
|   13.1458333333 |               0.0 |  -0.00440117922359 |  -0.00440117922359 |
|   13.1666666667 |               0.0 |  -0.00428095753568 |  -0.00428095753568 |
|         13.1875 |               0.0 |  -0.00411024736402 |  -0.00411024736402 |
|   13.2083333333 |               0.0 |  -0.00389053190643 |  -0.00389053190643 |
|   13.2291666667 |               0.0 |  -0.00362381906621 |  -0.00362381906621 |
|           13.25 |               0.0 |  -0.00331262077512 |  -0.00331262077512 |
|   13.2708333333 |               0.0 |  -0.00295992688647 |  -0.00295992688647 |
|   13.2916666667 |               0.0 |  -0.00256917391995 |  -0.00256917391995 |
|         13.3125 |               0.0 |  -0.00214420899526 |  -0.00214420899526 |
|   13.3333333333 |               0.0 |  -0.00168924934427 |  -0.00168924934427 |
|   13.3541666667 |               0.0 |  -0.00120883783954 |  -0.00120883783954 |
|          13.375 |               0.0 | -0.000707795019946 | -0.000707795019946 |
|   13.3958333333 |               0.0 | -0.000191168132647 | -0.000191168132647 |
|   13.4166666667 |               0.0 |  0.000335822257251 |  0.000335822257251 |
|         13.4375 |               0.0 |  0.000867837511599 |  0.000867837511599 |
|   13.4583333333 |               0.0 |    0.0013994774208 |    0.0013994774208 |
|   13.4791666667 |               0.0 |   0.00192533735074 |   0.00192533735074 |
|            13.5 |               0.0 |   0.00244006541687 |   0.00244006541687 |
|   13.5208333333 |               0.0 |   0.00293841906703 |   0.00293841906703 |
|   13.5416666667 |               0.0 |   0.00341532046137 |   0.00341532046137 |
|         13.5625 |               0.0 |   0.00386591005093 |   0.00386591005093 |
|   13.5833333333 |               0.0 |    0.0042855977763 |    0.0042855977763 |
|   13.6041666667 |               0.0 |   0.00467011133394 |   0.00467011133394 |
|          13.625 |               0.0 |    0.0050155409898 |    0.0050155409898 |
|   13.6458333333 |               0.0 |   0.00531838045788 |   0.00531838045788 |
|   13.6666666667 |               0.0 |   0.00557556340429 |   0.00557556340429 |
|         13.6875 |               0.0 |   0.00578449518527 |   0.00578449518527 |
|   13.7083333333 | 2.85072819378e-05 |   0.00594307947979 |   0.00597158676173 |
|   13.7291666667 | 6.17748779171e-05 |   0.00604973953317 |   0.00611151441109 |
|           13.75 | 9.49561286594e-05 |   0.00610343378695 |   0.00619838991561 |
|   13.7708333333 | 0.000127950048946 |    0.0061036657316 |   0.00623161578055 |
|   13.7916666667 | 0.000160655918652 |   0.00605048788183 |   0.00621114380049 |
|         13.8125 | 0.000192973590186 |   0.00594449983819 |   0.00613747342838 |
|   13.8333333333 | 0.000224803795105 |   0.00578684046333 |   0.00601164425844 |
|   13.8541666667 | 0.000256048448956 |   0.00557917426545 |    0.0058352227144 |
|          13.875 | 0.000286610953412 |   0.00532367214444 |   0.00561028309785 |
|   13.8958333333 | 0.000316396494783 |   0.00502298671788 |   0.00533938321267 |
|   13.9166666667 | 0.000345312337954 |   0.00468022250271 |   0.00502553484066 |
|         13.9375 | 0.000373268114873 |   0.00429890128465 |   0.00467216939953 |
|   13.9583333333 | 0.000400176106661 |   0.00388292305961 |   0.00428309916627 |
|   13.9791666667 | 0.000425951518485 |    0.0034365229792 |   0.00386247449769 |
|            14.0 | 0.000450512746325 |   0.00296422477621 |   0.00341473752254 |
|   14.0208333333 | 0.000473781634798 |   0.00247079118336 |   0.00294457281815 |
|   14.0416666667 | 0.000495683725228 |   0.00196117189166 |   0.00245685561689 |
|         14.0625 | 0.000516148493172 |   0.00144044962078 |   0.00195659811395 |
|   14.0833333333 | 0.000535109574656 |  0.000913784893977 |   0.00144889446863 |
|   14.1041666667 | 0.000552504980383 |  0.000386360123963 |  0.000938865104346 |
|          14.125 | 0.000568277297237 | -0.000136676377127 |   0.00043160092011 |
|   14.1458333333 | 0.000582373876428 |  -0.00065026585013 | -6.78919737017e-05 |
|   14.1666666667 | 0.000594747007661 |  -0.00114949339663 | -0.000554746388965 |
|         14.1875 | 0.000605354078759 |  -0.00162964054817 |  -0.00102428646941 |
|   14.2083333333 | 0.000614157720217 |  -0.00208623552275 |  -0.00147207780253 |
|   14.2291666667 | 0.000621125934192 |  -0.00251510062014 |  -0.00189397468595 |
|           14.25 | 0.000626232207502 |  -0.00291239623977 |  -0.00228616403227 |
|   14.2708333333 | 0.000629455608229 |  -0.00327466104231 |  -0.00264520543408 |
|   14.2916666667 |   0.0006307808656 |    -0.003598847819 |   -0.0029680669534 |
|         14.3125 | 0.000630198432847 |  -0.00388235468036 |  -0.00325215624752 |
|   14.3333333333 | 0.000627704532799 |  -0.00412305122779 |  -0.00349534669499 |
|   14.3541666667 | 0.000623301186029 |  -0.00431929942693 |   -0.0036959982409 |
|          14.375 | 0.000616996221417 |  -0.00446996896054 |  -0.00385297273912 |
|   14.3958333333 | 0.000608803269041 |  -0.00457444689928 |  -0.00396564363024 |
|   14.4166666667 | 0.000598741735374 |  -0.00463264159193 |  -0.00403389985655 |
|         14.4375 | 0.000586836760808 |  -0.00464498073995 |  -0.00405814397914 |
|   14.4583333333 | 0.000573119159595 |  -0.00461240368597 |  -0.00403928452638 |
|   14.4791666667 | 0.000557625342316 |  -0.00453634800912 |   -0.0039787226668 |
|            14.5 | 0.000540397221089 |  -0.00441873058332 |  -0.00387833336223 |
|   14.5208333333 | 0.000521482097749 |  -0.00426192331541 |  -0.00374044121766 |
|   14.5416666667 | 0.000500932535279 |  -0.00406872383884 |  -0.00356779130356 |
|         14.5625 | 0.000478806212864 |  -0.00384232149404 |  -0.00336351528117 |
|   14.5833333333 | 0.000455165764935 |  -0.00358625897874 |   -0.0031310932138 |
|   14.6041666667 | 0.000430078604672 |  -0.00330439009907 |  -0.00287431149439 |
|          14.625 | 0.000403616732449 |  -0.00300083409524 |  -0.00259721736279 |
|   14.6458333333 | 0.000375856529765 |   -0.0026799270534 |  -0.00230407052364 |
|   14.6666666667 |  0.00034687853925 |  -0.00234617094722 |  -0.00199929240797 |
|         14.6875 | 0.000316767231382 |  -0.00200418087905 |  -0.00168741364767 |
|   14.7083333333 | 0.000285610758578 |  -0.00165863111007 |  -0.00137302035149 |
|   14.7291666667 | 0.000253500697388 |  -0.00131420048237 |  -0.00106069978498 |
|           14.75 | 0.000220531779533 | -0.000975517842477 | -0.000754986062944 |
|   14.7708333333 | 0.000186801612588 | -0.000647108075749 | -0.000460306463161 |
|   14.7916666667 | 0.000152410391119 | -0.000333339354495 | -0.000180928963376 |
|         14.8125 | 0.000117460599144 | -3.83721890354e-05 |  7.90884101089e-05 |
|   14.8333333333 | 8.20567047888e-05 |    0.0002338891488 |  0.000315945853588 |
|   14.8541666667 | 4.63048480512e-05 |    0.0004798422865 |  0.000526147134551 |
|          14.875 | 1.03125226127e-05 |  0.000696228984926 |  0.000706541507539 |
|   14.8958333333 |               0.0 |  0.000880173472292 |  0.000880173472292 |
|   14.9166666667 |               0.0 |   0.00102921644781 |   0.00102921644781 |
|         14.9375 |               0.0 |   0.00114134437249 |   0.00114134437249 |
|   14.9583333333 |               0.0 |   0.00121501371665 |   0.00121501371665 |
|   14.9791666667 |               0.0 |   0.00124916988924 |   0.00124916988924 |
|            15.0 |               0.0 |   0.00124326063289 |   0.00124326063289 |
|   15.0208333333 |               0.0 |   0.00119724372964 |   0.00119724372964 |
|   15.0416666667 |               0.0 |   0.00111158892518 |   0.00111158892518 |
|         15.0625 |               0.0 |  0.000987274043272 |  0.000987274043272 |
|   15.0833333333 |               0.0 |  0.000825775326265 |  0.000825775326265 |
|   15.1041666667 |               0.0 |  0.000629052101407 |  0.000629052101407 |
|          15.125 |               0.0 |  0.000399525935538 |  0.000399525935538 |
|   15.1458333333 |               0.0 |  0.000140054501683 |  0.000140054501683 |
|   15.1666666667 |               0.0 | -0.000146099560306 | -0.000146099560306 |
|         15.1875 |               0.0 | -0.000455304451377 | -0.000455304451377 |
|   15.2083333333 |               0.0 | -0.000783599299672 | -0.000783599299672 |
|   15.2291666667 |               0.0 |  -0.00112673808857 |  -0.00112673808857 |
|           15.25 |               0.0 |  -0.00148023694646 |  -0.00148023694646 |
|   15.2708333333 |               0.0 |  -0.00183942428073 |  -0.00183942428073 |
|   15.2916666667 |               0.0 |  -0.00219949320666 |  -0.00219949320666 |
|         15.3125 |               0.0 |  -0.00255555569574 |  -0.00255555569574 |
|   15.3333333333 |               0.0 |  -0.00290269784872 |  -0.00290269784872 |
|   15.3541666667 |               0.0 |  -0.00323603568526 |  -0.00323603568526 |
|          15.375 |               0.0 |  -0.00355077083592 |  -0.00355077083592 |
|   15.3958333333 |               0.0 |   -0.0038422455222 |   -0.0038422455222 |
|   15.4166666667 |               0.0 |  -0.00410599621782 |  -0.00410599621782 |
|         15.4375 |               0.0 |  -0.00433780539778 |  -0.00433780539778 |
|   15.4583333333 |               0.0 |  -0.00453375080205 |  -0.00453375080205 |
|   15.4791666667 |               0.0 |  -0.00469025166741 |  -0.00469025166741 |
|            15.5 |               0.0 |  -0.00480411141316 |  -0.00480411141316 |
|   15.5208333333 |               0.0 |    -0.004872556305 |    -0.004872556305 |
|   15.5416666667 |               0.0 |  -0.00489326966429 |  -0.00489326966429 |
|         15.5625 |               0.0 |  -0.00486442123844 |  -0.00486442123844 |
|   15.5833333333 |               0.0 |  -0.00478469140046 |  -0.00478469140046 |
|   15.6041666667 |               0.0 |  -0.00465328990163 |  -0.00465328990163 |
|          15.625 |               0.0 |  -0.00446996896054 |  -0.00446996896054 |
|   15.6458333333 |               0.0 |  -0.00423503053309 |  -0.00423503053309 |
|   15.6666666667 |               0.0 |  -0.00394932767156 |  -0.00394932767156 |
|         15.6875 |               0.0 |  -0.00361425994471 |  -0.00361425994471 |
|   15.7083333333 |               0.0 |  -0.00323176295599 |  -0.00323176295599 |
|   15.7291666667 |               0.0 |  -0.00280429206083 |  -0.00280429206083 |
|           15.75 |               0.0 |  -0.00233480044739 |  -0.00233480044739 |
|   15.7708333333 |               0.0 |  -0.00182671180644 |  -0.00182671180644 |
|   15.7916666667 |               0.0 |  -0.00128388787527 |  -0.00128388787527 |
|         15.8125 |               0.0 | -0.000710591196106 | -0.000710591196106 |
|   15.8333333333 |               0.0 | -0.000111443482103 | -0.000111443482103 |
|   15.8541666667 |               0.0 |  0.000508619968256 |  0.000508619968256 |
|          15.875 |               0.0 |   0.00114439932424 |   0.00114439932424 |
|   15.8958333333 |               0.0 |   0.00179048222141 |   0.00179048222141 |
|   15.9166666667 |               0.0 |    0.0024412981513 |    0.0024412981513 |
|         15.9375 |               0.0 |   0.00309117466176 |   0.00309117466176 |
|   15.9583333333 |               0.0 |    0.0037343947674 |    0.0037343947674 |
|   15.9791666667 |               0.0 |   0.00436525495637 |   0.00436525495637 |
|            16.0 |               0.0 |   0.00497812317281 |   0.00497812317281 |
|   16.0208333333 |               0.0 |   0.00556749615455 |   0.00556749615455 |
|   16.0416666667 |               0.0 |    0.0061280555121 |    0.0061280555121 |
|         16.0625 |               0.0 |   0.00665472194881 |   0.00665472194881 |
|   16.0833333333 | 2.22928311859e-05 |   0.00714270704184 |   0.00716499987303 |
|   16.1041666667 | 6.13182088752e-05 |   0.00758756202985 |   0.00764888023872 |
|          16.125 | 0.000100258645064 |   0.00798522308586 |   0.00808548173092 |
|   16.1458333333 | 0.000138995838358 |   0.00833205259158 |   0.00847104842994 |
|   16.1666666667 | 0.000177411800209 |   0.00862487597274 |   0.00880228777295 |
|         16.1875 | 0.000215389214274 |   0.00886101370312 |   0.00907640291739 |
|   16.2083333333 |  0.00025281179465 |   0.00903830813725 |    0.0092911199319 |
|   16.2291666667 | 0.000289564641885 |   0.00915514488762 |   0.00944470952951 |
|           16.25 |               0.0 |   0.00921046852155 |   0.00921046852155 |
|   16.2708333333 |               0.0 |   0.00920379241402 |   0.00920379241402 |
|   16.2916666667 |               0.0 |   0.00913520265654 |   0.00913520265654 |
|         16.3125 |               0.0 |   0.00900535598579 |   0.00900535598579 |
|   16.3333333333 |               0.0 |   0.00881547176118 |   0.00881547176118 |
|   16.3541666667 |               0.0 |   0.00856731808421 |   0.00856731808421 |
|          16.375 |               0.0 |   0.00826319221621 |   0.00826319221621 |
|   16.3958333333 |               0.0 |   0.00790589551259 |   0.00790589551259 |
|   16.4166666667 |               0.0 |   0.00749870315052 |   0.00749870315052 |
|         16.4375 |               0.0 |   0.00704532898375 |   0.00704532898375 |
|   16.4583333333 |               0.0 |   0.00654988591004 |   0.00654988591004 |
|   16.4791666667 |               0.0 |   0.00601684218531 |   0.00601684218531 |
|            16.5 |               0.0 |   0.00545097416202 |   0.00545097416202 |
|   16.5208333333 |               0.0 |   0.00485731596744 |   0.00485731596744 |
|   16.5416666667 |               0.0 |    0.0042411066699 |    0.0042411066699 |
|         16.5625 |               0.0 |   0.00360773550807 |   0.00360773550807 |
|   16.5833333333 |               0.0 |   0.00296268577824 |   0.00296268577824 |
|   16.6041666667 |               0.0 |   0.00231147798838 |   0.00231147798838 |
|          16.625 |               0.0 |   0.00165961289508 |   0.00165961289508 |
|   16.6458333333 |               0.0 |   0.00101251503954 |   0.00101251503954 |
|   16.6666666667 |               0.0 |  0.000375477392685 |  0.000375477392685 |
|         16.6875 |               0.0 | -0.000246392293831 | -0.000246392293831 |
|   16.7083333333 |               0.0 | -0.000848222853213 | -0.000848222853213 |
|   16.7291666667 |               0.0 |  -0.00142542823434 |  -0.00142542823434 |
|           16.75 |               0.0 |  -0.00197375267809 |  -0.00197375267809 |
|   16.7708333333 |               0.0 |  -0.00248931205703 |  -0.00248931205703 |
|   16.7916666667 |               0.0 |  -0.00296863093932 |  -0.00296863093932 |
|         16.8125 |               0.0 |  -0.00340867498475 |  -0.00340867498475 |
|   16.8333333333 |               0.0 |  -0.00380687833328 |  -0.00380687833328 |
|   16.8541666667 |               0.0 |  -0.00416116570142 |  -0.00416116570142 |
|          16.875 |               0.0 |  -0.00446996896054 |  -0.00446996896054 |
|   16.8958333333 |               0.0 |  -0.00473223803239 |  -0.00473223803239 |
|   16.9166666667 |               0.0 |  -0.00494744599954 |  -0.00494744599954 |
|         16.9375 |               0.0 |  -0.00511558839252 |  -0.00511558839252 |
|   16.9583333333 |               0.0 |  -0.00523717667955 |  -0.00523717667955 |
|   16.9791666667 |               0.0 |  -0.00531322604869 |  -0.00531322604869 |
|            17.0 |               0.0 |  -0.00534523763493 |  -0.00534523763493 |
|   17.0208333333 |               0.0 |  -0.00533517540609 |  -0.00533517540609 |
|   17.0416666667 |               0.0 |  -0.00528543797976 |  -0.00528543797976 |
|         17.0625 |               0.0 |  -0.00519882569963 |  -0.00519882569963 |
|   17.0833333333 |               0.0 |  -0.00507850335112 |  -0.00507850335112 |
|   17.1041666667 |               0.0 |  -0.00492795894435 |  -0.00492795894435 |
|          17.125 |               0.0 |   -0.0047509590354 |   -0.0047509590354 |
|   17.1458333333 |               0.0 |  -0.00455150109467 |  -0.00455150109467 |
|   17.1666666667 |               0.0 |  -0.00433376346337 |  -0.00433376346337 |
|         17.1875 |               0.0 |  -0.00410205346528 |  -0.00410205346528 |
|   17.2083333333 |               0.0 |  -0.00386075426114 |  -0.00386075426114 |
|   17.2291666667 |               0.0 |  -0.00361427104606 |  -0.00361427104606 |
|           17.25 |               0.0 |  -0.00336697719762 |  -0.00336697719762 |
|   17.2708333333 |               0.0 |  -0.00312316098203 |  -0.00312316098203 |
|   17.2916666667 |               0.0 |  -0.00288697341947 |  -0.00288697341947 |
|         17.3125 |               0.0 |  -0.00266237789614 |  -0.00266237789614 |
|   17.3333333333 |               0.0 |  -0.00245310209116 |  -0.00245310209116 |
|   17.3541666667 |               0.0 |  -0.00226259276016 |  -0.00226259276016 |
|          17.375 |               0.0 |  -0.00209397388559 |  -0.00209397388559 |
|   17.3958333333 |               0.0 |  -0.00195000866612 |  -0.00195000866612 |
|   17.4166666667 |               0.0 |  -0.00183306577459 |  -0.00183306577459 |
|         17.4375 |               0.0 |  -0.00174509026633 |  -0.00174509026633 |
|   17.4583333333 |               0.0 |  -0.00168757946814 |  -0.00168757946814 |
|   17.4791666667 |               0.0 |  -0.00166156412232 |  -0.00166156412232 |
|            17.5 |               0.0 |  -0.00166759500184 |  -0.00166759500184 |
|   17.5208333333 |               0.0 |  -0.00170573515196 |  -0.00170573515196 |
|   17.5416666667 |               0.0 |  -0.00177555785061 |  -0.00177555785061 |
|         17.5625 |               0.0 |  -0.00187615031642 |  -0.00187615031642 |
|   17.5833333333 |               0.0 |  -0.00200612312908 |  -0.00200612312908 |
|   17.6041666667 |               0.0 |  -0.00216362526326 |  -0.00216362526326 |
|          17.625 |               0.0 |  -0.00234636457439 |  -0.00234636457439 |
|   17.6458333333 |               0.0 |  -0.00255163351398 |  -0.00255163351398 |
|   17.6666666667 |               0.0 |  -0.00277633979373 |  -0.00277633979373 |
|         17.6875 |               0.0 |  -0.00301704166213 |  -0.00301704166213 |
|   17.7083333333 |               0.0 |   -0.0032699874058 |   -0.0032699874058 |
|   17.7291666667 |               0.0 |  -0.00353115864014 |  -0.00353115864014 |
|           17.75 |               0.0 |  -0.00379631691141 |  -0.00379631691141 |
|   17.7708333333 |               0.0 |   -0.0040610530947 |   -0.0040610530947 |
|   17.7916666667 |               0.0 |  -0.00432083904082 |  -0.00432083904082 |
|         17.8125 |               0.0 |  -0.00457108089881 |  -0.00457108089881 |
|   17.8333333333 |               0.0 |  -0.00480717352199 |  -0.00480717352199 |
|   17.8541666667 |               0.0 |   -0.0050245553519 |   -0.0050245553519 |
|          17.875 |               0.0 |   -0.0052187631684 |   -0.0052187631684 |
|   17.8958333333 |               0.0 |  -0.00538548609481 |  -0.00538548609481 |
|   17.9166666667 |               0.0 |  -0.00552061825368 |  -0.00552061825368 |
|         17.9375 |               0.0 |  -0.00562030948288 |  -0.00562030948288 |
|   17.9583333333 |               0.0 |  -0.00568101354192 |  -0.00568101354192 |
|   17.9791666667 |               0.0 |  -0.00569953326495 |  -0.00569953326495 |
|            18.0 |               0.0 |  -0.00567306214936 |  -0.00567306214936 |
|   18.0208333333 |               0.0 |  -0.00559922190736 |  -0.00559922190736 |
|   18.0416666667 |               0.0 |  -0.00547609555105 |  -0.00547609555105 |
|         18.0625 |               0.0 |  -0.00530225562995 |  -0.00530225562995 |
|   18.0833333333 |               0.0 |  -0.00507678729208 |  -0.00507678729208 |
|   18.1041666667 |               0.0 |  -0.00479930589608 |  -0.00479930589608 |
|          18.125 |               0.0 |  -0.00446996896054 |  -0.00446996896054 |
|   18.1458333333 |               0.0 |  -0.00408948229875 |  -0.00408948229875 |
|   18.1666666667 |               0.0 |  -0.00365910024974 |  -0.00365910024974 |
|         18.1875 |               0.0 |  -0.00318061998114 |  -0.00318061998114 |
|   18.2083333333 |               0.0 |  -0.00265636990387 |  -0.00265636990387 |
|   18.2291666667 |               0.0 |  -0.00208919230272 |  -0.00208919230272 |
|           18.25 |               0.0 |  -0.00148242035039 |  -0.00148242035039 |
|   18.2708333333 |               0.0 | -0.000839849733507 | -0.000839849733507 |
|   18.2916666667 |               0.0 | -0.000165705178305 | -0.000165705178305 |
|         18.3125 |               0.0 |  0.000535397780418 |  0.000535397780418 |
|   18.3333333333 |               0.0 |   0.00125849539158 |   0.00125849539158 |
|   18.3541666667 |               0.0 |   0.00199832219774 |   0.00199832219774 |
|          18.375 |               0.0 |   0.00274936097601 |   0.00274936097601 |
|   18.3958333333 |               0.0 |    0.0035058955856 |    0.0035058955856 |
|   18.4166666667 |               0.0 |   0.00426206616535 |   0.00426206616535 |
|         18.4375 |               0.0 |   0.00501192609855 |   0.00501192609855 |
|   18.4583333333 |               0.0 |   0.00574950014254 |   0.00574950014254 |
|   18.4791666667 |               0.0 |   0.00646884310735 |   0.00646884310735 |
|            18.5 |               0.0 |   0.00716409846103 |   0.00716409846103 |
|   18.5208333333 |               0.0 |   0.00782955623949 |   0.00782955623949 |
|   18.5416666667 |               0.0 |   0.00845970964561 |   0.00845970964561 |
|         18.5625 |               0.0 |   0.00904930973605 |   0.00904930973605 |
|   18.5833333333 |               0.0 |   0.00959341761429 |   0.00959341761429 |
|   18.6041666667 |               0.0 |    0.0100874535748 |    0.0100874535748 |
|          18.625 |               0.0 |     0.010527242676 |     0.010527242676 |
|   18.6458333333 |               0.0 |    0.0109090562576 |    0.0109090562576 |
|   18.6666666667 |               0.0 |    0.0112296489614 |    0.0112296489614 |
|         18.6875 |               0.0 |    0.0114862908626 |    0.0114862908626 |
|   18.7083333333 |               0.0 |     0.011676794372 |     0.011676794372 |
|   18.7291666667 |               0.0 |    0.0117995356248 |    0.0117995356248 |
|           18.75 |               0.0 |    0.0118534701301 |    0.0118534701301 |
|   18.7708333333 |               0.0 |    0.0118381425203 |    0.0118381425203 |
|   18.7916666667 |               0.0 |    0.0117536902979 |    0.0117536902979 |
|         18.8125 |               0.0 |    0.0116008415467 |    0.0116008415467 |
|   18.8333333333 |               0.0 |    0.0113809066355 |    0.0113809066355 |
|   18.8541666667 |               0.0 |    0.0110957640097 |    0.0110957640097 |
|          18.875 |               0.0 |    0.0107478402269 |    0.0107478402269 |
|   18.8958333333 |               0.0 |    0.0103400844571 |    0.0103400844571 |
|   18.9166666667 |               0.0 |   0.00987593772574 |   0.00987593772574 |
|         18.9375 |               0.0 |   0.00935929723411 |   0.00935929723411 |
|   18.9583333333 |               0.0 |   0.00879447614484 |   0.00879447614484 |
|   18.9791666667 |               0.0 |   0.00818615926856 |   0.00818615926856 |
|            19.0 |               0.0 |   0.00753935513075 |   0.00753935513075 |
|   19.0208333333 |               0.0 |   0.00685934493673 |   0.00685934493673 |
|   19.0416666667 |               0.0 |   0.00615162898518 |   0.00615162898518 |
|         19.0625 |               0.0 |   0.00542187110726 |   0.00542187110726 |
|   19.0833333333 |               0.0 |   0.00467584172886 |   0.00467584172886 |
|   19.1041666667 |               0.0 |   0.00391936016728 |   0.00391936016728 |
|          19.125 |               0.0 |   0.00315823678086 |   0.00315823678086 |
|   19.1458333333 |               0.0 |   0.00239821559049 |   0.00239821559049 |
|   19.1666666667 |               0.0 |   0.00164491798571 |   0.00164491798571 |
|         19.1875 |               0.0 |  0.000903788115065 |  0.000903788115065 |
|   19.2083333333 |               0.0 |  0.000180040540788 |  0.000180040540788 |
|   19.2291666667 |               0.0 | -0.000521389287591 | -0.000521389287591 |
|           19.25 |               0.0 |  -0.00119589121837 |  -0.00119589121837 |
|   19.2708333333 |               0.0 |  -0.00183922275639 |  -0.00183922275639 |
|   19.2916666667 |               0.0 |   -0.0024475471531 |   -0.0024475471531 |
|         19.3125 |               0.0 |  -0.00301746683316 |  -0.00301746683316 |
|   19.3333333333 |               0.0 |  -0.00354605181481 |  -0.00354605181481 |
|   19.3541666667 |               0.0 |  -0.00403086283643 |  -0.00403086283643 |
|          19.375 |               0.0 |  -0.00446996896054 |  -0.00446996896054 |
|   19.3958333333 |               0.0 |  -0.00486195948738 |  -0.00486195948738 |
|   19.4166666667 |               0.0 |  -0.00520595007322 |  -0.00520595007322 |
|         19.4375 |               0.0 |  -0.00550158301201 |  -0.00550158301201 |
|   19.4583333333 |               0.0 |  -0.00574902170365 |  -0.00574902170365 |
|   19.4791666667 |               0.0 |  -0.00594893939602 |  -0.00594893939602 |
|            19.5 |               0.0 |  -0.00610250235042 |  -0.00610250235042 |
|   19.5208333333 |               0.0 |  -0.00621134764183 |  -0.00621134764183 |
|   19.5416666667 |               0.0 |  -0.00627755586373 |  -0.00627755586373 |
|         19.5625 |               0.0 |  -0.00630361906328 |  -0.00630361906328 |
|   19.5833333333 |               0.0 |  -0.00629240428447 |  -0.00629240428447 |
|   19.6041666667 |               0.0 |  -0.00624711314511 |  -0.00624711314511 |
|          19.625 |               0.0 |  -0.00617123791635 |  -0.00617123791635 |
|   19.6458333333 |               0.0 |  -0.00606851461163 |  -0.00606851461163 |
|   19.6666666667 |               0.0 |  -0.00594287362404 |  -0.00594287362404 |
|         19.6875 |               0.0 |  -0.00579838847765 |  -0.00579838847765 |
|   19.7083333333 |               0.0 |  -0.00563922327825 |  -0.00563922327825 |
|   19.7291666667 |               0.0 |  -0.00546957946265 |  -0.00546957946265 |
|           19.75 |               0.0 |  -0.00529364245248 |  -0.00529364245248 |
|   19.7708333333 |               0.0 |  -0.00511552881899 |  -0.00511552881899 |
|   19.7916666667 |               0.0 |  -0.00493923455843 |  -0.00493923455843 |
|         19.8125 |               0.0 |  -0.00476858506501 |  -0.00476858506501 |
|   19.8333333333 |               0.0 |  -0.00460718736835 |  -0.00460718736835 |
|   19.8541666667 |               0.0 |  -0.00445838517688 |  -0.00445838517688 |
|          19.875 |               0.0 |  -0.00432521723657 |  -0.00432521723657 |
|   19.8958333333 |               0.0 |  -0.00421037947696 |  -0.00421037947696 |
|   19.9166666667 |               0.0 |  -0.00411619137378 |  -0.00411619137378 |
|         19.9375 |               0.0 |  -0.00404456690994 |  -0.00404456690994 |
|   19.9583333333 |               0.0 |  -0.00399699046515 |  -0.00399699046515 |
|   19.9791666667 |               0.0 |  -0.00397449790886 |  -0.00397449790886 |
