|            Time |              Spots |           Bands |            flux |
|             0.0 |   0.00451466161696 |            -1.0 | -0.995485338383 |
| 0.0208333333333 |   0.00451367147706 | -0.999446414572 | -0.994932743094 |
| 0.0416666666667 |   0.00451070149168 | -0.998896649581 |  -0.99438594809 |
|          0.0625 |   0.00450575296354 | -0.998354489763 | -0.993848736799 |
| 0.0833333333333 |   0.00449882806323 | -0.997823648815 | -0.993324820751 |
|  0.104166666667 |   0.00448992982825 | -0.997307734813 | -0.992817804985 |
|           0.125 |   0.00447906216165 | -0.996810216736 | -0.992331154575 |
|  0.145833333333 |   0.00446622983035 | -0.996334392438 | -0.991868162608 |
|  0.166666666667 |   0.00445143846304 |  -0.99588335842 | -0.991431919957 |
|          0.1875 |    0.0044346945477 | -0.995459981707 |  -0.99102528716 |
|  0.208333333333 |   0.00441600542876 | -0.995066874123 | -0.990650868694 |
|  0.229166666667 |   0.00439537930389 | -0.994706369225 | -0.990310989921 |
|            0.25 |   0.00437282522038 | -0.994380502154 | -0.990007676934 |
|  0.270833333333 |   0.00434835307122 | -0.994090992578 | -0.989742639507 |
|  0.291666666667 |   0.00432197359068 | -0.993839230926 | -0.989517257336 |
|          0.3125 |   0.00429369834968 | -0.993626268039 | -0.989332569689 |
|  0.333333333333 |   0.00426353975068 | -0.993452808332 | -0.989189268582 |
|  0.354166666667 |   0.00423151102223 | -0.993319206547 | -0.989087695525 |
|           0.375 |   0.00419762621319 | -0.993225468099 | -0.989027841886 |
|  0.395833333333 |   0.00416190018657 | -0.993171253013 | -0.989009352826 |
|  0.416666666667 |   0.00412434861297 |   -0.9931558834 | -0.989031534787 |
|          0.4375 |   0.00408498796376 | -0.993178354368 | -0.989093366404 |
|  0.458333333333 |   0.00404383550381 | -0.993237348245 | -0.989193512742 |
|  0.479166666667 |   0.00400090928397 | -0.993331251958 | -0.989330342674 |
|             0.5 |   0.00395622813308 |  -0.99345817735 | -0.989501949217 |
|  0.520833333333 |   0.00390981164978 | -0.993615984229 | -0.989706172579 |
|  0.541666666667 |   0.00386168019387 | -0.993802305863 | -0.989940625669 |
|          0.5625 |   0.00381185487739 | -0.994014576665 | -0.990202721788 |
|  0.583333333333 |   0.00376035755539 | -0.994250061738 | -0.990489704183 |
|  0.604166666667 |   0.00370721081627 | -0.994505887957 | -0.990798677141 |
|           0.625 |   0.00365243797197 | -0.994779076254 | -0.991126638282 |
|  0.645833333333 |   0.00359606304767 |  -0.99506657474 | -0.991470511693 |
|  0.666666666667 |   0.00353811077125 | -0.995365292303 | -0.991827181532 |
|          0.6875 |   0.00347860656252 | -0.995672132313 |  -0.99219352575 |
|  0.708333333333 |   0.00341757652198 | -0.995984026066 | -0.992566449544 |
|  0.729166666667 |   0.00335504741943 | -0.996297965605 | -0.992942918185 |
|            0.75 |   0.00329104668219 |  -0.99661103555 | -0.993319988868 |
|  0.770833333333 |   0.00322560238311 | -0.996920443607 | -0.993694841224 |
|  0.791666666667 |   0.00315874322821 | -0.997223549409 | -0.994064806181 |
|          0.8125 |   0.00309049854414 | -0.997517891392 | -0.994427392848 |
|  0.833333333333 |   0.00302089826526 | -0.997801211409 | -0.994780313144 |
|  0.854166666667 |   0.00294997292057 | -0.998071476821 |   -0.9951215039 |
|           0.875 |   0.00287775362025 | -0.998326899828 | -0.995449146208 |
|  0.895833333333 |   0.00280427204208 | -0.998565953844 | -0.995761681802 |
|  0.916666666667 |   0.00272956041752 | -0.998787386736 | -0.996057826318 |
|          0.9375 |   0.00265365151754 | -0.998990230792 | -0.996336579274 |
|  0.958333333333 |    0.0025765786383 |  -0.99917380933 | -0.996597230692 |
|  0.979166666667 |   0.00249837558652 | -0.999337739875 | -0.996839364289 |
|             1.0 |   0.00241907666463 | -0.999481933883 | -0.997062857219 |
|   1.02083333333 |   0.00233871665577 | -0.999606593033 | -0.997267876377 |
|   1.04166666667 |   0.00225733080848 | -0.999712202131 | -0.997454871323 |
|          1.0625 |    0.0021749548213 | -0.999799518732 |  -0.99762456391 |
|   1.08333333333 |   0.00209162482705 | -0.999869559584 | -0.997777934757 |
|   1.10416666667 |   0.00200737737702 | -0.999923584087 |  -0.99791620671 |
|           1.125 |   0.00192224942493 | -0.999963074936 | -0.998040825511 |
|   1.14583333333 |   0.00183627831071 |  -0.99998971619 | -0.998153437879 |
|   1.16666666667 |   0.00174950174413 |  -1.00000536902 | -0.998255867274 |
|          1.1875 |   0.00166195778827 |  -1.00001204541 | -0.998350087622 |
|   1.20833333333 |   0.00157368484279 |  -1.00001188015 | -0.998438195304 |
|   1.22916666667 |   0.00148472162713 |  -1.00000710136 | -0.998522379728 |
|            1.25 |   0.00139510716349 |            -1.0 | -0.998604892837 |
|   1.27083333333 |   0.00130488075975 | -0.999992898645 | -0.998688017885 |
|   1.29166666667 |   0.00121408199217 | -0.999988119853 | -0.998774037861 |
|          1.3125 |   0.00112275068811 | -0.999987954589 | -0.998865203901 |
|   1.33333333333 |   0.00103092690849 | -0.999994630982 | -0.998963704073 |
|   1.35416666667 |  0.000938650930253 |  -1.00001028381 |  -0.99907163288 |
|           1.375 |  0.000845963228696 |  -1.00003692506 | -0.999190961835 |
|   1.39583333333 |  0.000752904459708 |  -1.00007641591 | -0.999323511453 |
|   1.41666666667 |   0.00065951544194 |  -1.00013044042 | -0.999470924974 |
|          1.4375 |  0.000565837138902 |  -1.00020048127 |  -0.99963464413 |
|   1.45833333333 |  0.000471910640994 |  -1.00028779787 | -0.999815887228 |
|   1.47916666667 |  0.000283177374189 |  -1.00039340697 |  -1.00011022959 |
|             1.5 | -4.06689083356e-05 |  -1.00051806612 |  -1.00055873502 |
|   1.52083333333 | -0.000363997577716 |  -1.00066226012 |   -1.0010262577 |
|   1.54166666667 |    -0.000686313882 |  -1.00082619067 |  -1.00151250455 |
|          1.5625 |  -0.00100712520203 |  -1.00100976921 |  -1.00201689441 |
|   1.58333333333 |  -0.00123139402392 |  -1.00121261326 |  -1.00244400729 |
|   1.60416666667 |  -0.00145322413417 |  -1.00143404616 |  -1.00288727029 |
|           1.625 |  -0.00167217620983 |  -1.00167310017 |  -1.00334527638 |
|   1.64583333333 |  -0.00188781662773 |  -1.00192852318 |  -1.00381633981 |
|   1.66666666667 |  -0.00209971832327 |  -1.00219878859 |  -1.00429850691 |
|          1.6875 |   -0.0023074616362 |  -1.00248210861 |  -1.00478957024 |
|   1.70833333333 |  -0.00251063514172 |  -1.00277645059 |  -1.00528708573 |
|   1.72916666667 |   -0.0027088364653 |  -1.00307955639 |  -1.00578839286 |
|            1.75 |  -0.00290167307956 |  -1.00338896445 |  -1.00629063753 |
|   1.77083333333 |  -0.00308876308164 |   -1.0037020344 |  -1.00679079748 |
|   1.79166666667 |  -0.00326973594956 |  -1.00401597393 |  -1.00728570988 |
|          1.8125 |  -0.00344423327598 |  -1.00432786769 |  -1.00777210096 |
|   1.83333333333 |  -0.00361190947806 |   -1.0046347077 |  -1.00824661717 |
|   1.85416666667 |  -0.00377243248182 |  -1.00493342526 |  -1.00870585774 |
|           1.875 |  -0.00392548437983 |  -1.00522092375 |  -1.00914640813 |
|   1.89583333333 |  -0.00407076206078 |  -1.00549411204 |   -1.0095648741 |
|   1.91666666667 |  -0.00420797780982 |  -1.00574993826 |  -1.00995791607 |
|          1.9375 |  -0.00433685987829 |  -1.00598542333 |  -1.01032228321 |
|   1.95833333333 |    -0.004457153022 |  -1.00619769414 |  -1.01065484716 |
|   1.97916666667 |  -0.00456861900664 |  -1.00638401577 |  -1.01095263478 |
|             2.0 |  -0.00467103707965 |  -1.00654182265 |  -1.01121285973 |
|   2.02083333333 |  -0.00476420440737 |  -1.00666874804 |  -1.01143295245 |
|   2.04166666667 |  -0.00484793647677 |  -1.00676265175 |  -1.01161058823 |
|          2.0625 |  -0.00492206746086 |  -1.00682164563 |  -1.01174371309 |
|   2.08333333333 |  -0.00498645054708 |   -1.0068441166 |  -1.01183056715 |
|   2.10416666667 |   -0.0050409582281 |  -1.00682874699 |  -1.01186970522 |
|           2.125 |   -0.0050854825543 |   -1.0067745319 |  -1.01186001446 |
|   2.14583333333 |  -0.00511993534756 |  -1.00668079345 |   -1.0118007288 |
|   2.16666666667 |  -0.00514424837594 |  -1.00654719167 |  -1.01169144004 |
|          2.1875 |  -0.00515837348874 |  -1.00637373196 |  -1.01153210545 |
|   2.20833333333 |  -0.00516228271192 |  -1.00616076907 |  -1.01132305179 |
|   2.22916666667 |  -0.00515596830346 |  -1.00590900742 |  -1.01106497573 |
|            2.25 |  -0.00513944276873 |  -1.00561949785 |  -1.01075894061 |
|   2.27083333333 |  -0.00511273883567 |  -1.00529363077 |  -1.01040636961 |
|   2.29166666667 |  -0.00507590939004 |  -1.00493312588 |  -1.01000903527 |
|          2.3125 |  -0.00502902737063 |  -1.00454001829 |  -1.00956904566 |
|   2.33333333333 |  -0.00497218562484 |  -1.00411664158 |   -1.0090888272 |
|   2.35416666667 |  -0.00490549672478 |  -1.00366560756 |  -1.00857110429 |
|           2.375 |  -0.00482909274433 |  -1.00318978326 |  -1.00801887601 |
|   2.39583333333 |   -0.0047431249976 |  -1.00269226519 |  -1.00743539018 |
|   2.41666666667 |  -0.00464776373922 |  -1.00217635119 |  -1.00682411492 |
|          2.4375 |   -0.0045431978272 |  -1.00164551024 |  -1.00618870806 |
|   2.45833333333 |  -0.00442963434886 |  -1.00110335042 |  -1.00553298477 |
|   2.47916666667 |  -0.00430729821074 |  -1.00055358543 |  -1.00486088364 |
|             2.5 |  -0.00417643169321 |            -1.0 |  -1.00417643169 |
|   2.52083333333 |  -0.00403729397055 | -0.999446414572 |  -1.00348370854 |
|   2.54166666667 |  -0.00389016059777 | -0.998896649581 |  -1.00278681018 |
|          2.5625 |  -0.00373532296486 | -0.998354489763 |  -1.00208981273 |
|   2.58333333333 |  -0.00357308771965 | -0.997823648815 |  -1.00139673653 |
|   2.60416666667 |  -0.00340377616059 | -0.997307734813 |  -1.00071151097 |
|           2.625 |  -0.00322772360039 | -0.996810216736 |  -1.00003794034 |
|   2.64583333333 |  -0.00304527870197 | -0.996334392438 |  -0.99937967114 |
|   2.66666666667 |  -0.00285680278793 |  -0.99588335842 | -0.998740161208 |
|          2.6875 |  -0.00266266912498 | -0.995459981707 | -0.998122650832 |
|   2.70833333333 |  -0.00246326218472 | -0.995066874123 | -0.997530136307 |
|   2.72916666667 |  -0.00225897688219 | -0.994706369225 | -0.996965346108 |
|            2.75 |  -0.00205021779378 | -0.994380502154 | -0.996430719948 |
|   2.77083333333 |  -0.00183739835597 | -0.994090992578 | -0.995928390934 |
|   2.79166666667 |  -0.00162094004656 | -0.993839230926 | -0.995460170973 |
|          2.8125 |  -0.00140127154994 | -0.993626268039 | -0.995027539589 |
|   2.83333333333 |  -0.00117882790811 | -0.993452808332 |  -0.99463163624 |
|   2.85416666667 | -0.000954049659091 | -0.993319206547 | -0.994273256206 |
|           2.875 | -0.000727381964492 | -0.993225468099 | -0.993952850063 |
|   2.89583333333 | -0.000499273727854 | -0.993171253013 | -0.993670526741 |
|   2.91666666667 |  -0.00027017670564 |   -0.9931558834 | -0.993426060106 |
|          2.9375 | -4.05446125545e-05 | -0.993178354368 | -0.993218898981 |
|   2.95833333333 |                0.0 | -0.993237348245 | -0.993237348245 |
|   2.97916666667 |                0.0 | -0.993331251958 | -0.993331251958 |
|             3.0 |                0.0 |  -0.99345817735 |  -0.99345817735 |
|   3.02083333333 |                0.0 | -0.993615984229 | -0.993615984229 |
|   3.04166666667 |                0.0 | -0.993802305863 | -0.993802305863 |
|          3.0625 |                0.0 | -0.994014576665 | -0.994014576665 |
|   3.08333333333 |                0.0 | -0.994250061738 | -0.994250061738 |
|   3.10416666667 |                0.0 | -0.994505887957 | -0.994505887957 |
|           3.125 |                0.0 | -0.994779076254 | -0.994779076254 |
|   3.14583333333 |                0.0 |  -0.99506657474 |  -0.99506657474 |
|   3.16666666667 |                0.0 | -0.995365292303 | -0.995365292303 |
|          3.1875 |                0.0 | -0.995672132313 | -0.995672132313 |
|   3.20833333333 |                0.0 | -0.995984026066 | -0.995984026066 |
|   3.22916666667 |                0.0 | -0.996297965605 | -0.996297965605 |
|            3.25 |                0.0 |  -0.99661103555 |  -0.99661103555 |
|   3.27083333333 |                0.0 | -0.996920443607 | -0.996920443607 |
|   3.29166666667 |                0.0 | -0.997223549409 | -0.997223549409 |
|          3.3125 |                0.0 | -0.997517891392 | -0.997517891392 |
|   3.33333333333 |                0.0 | -0.997801211409 | -0.997801211409 |
|   3.35416666667 |                0.0 | -0.998071476821 | -0.998071476821 |
|           3.375 |                0.0 | -0.998326899828 | -0.998326899828 |
|   3.39583333333 |                0.0 | -0.998565953844 | -0.998565953844 |
|   3.41666666667 |                0.0 | -0.998787386736 | -0.998787386736 |
|          3.4375 |                0.0 | -0.998990230792 | -0.998990230792 |
|   3.45833333333 |                0.0 |  -0.99917380933 |  -0.99917380933 |
|   3.47916666667 |                0.0 | -0.999337739875 | -0.999337739875 |
|             3.5 |                0.0 | -0.999481933883 | -0.999481933883 |
|   3.52083333333 |                0.0 | -0.999606593033 | -0.999606593033 |
|   3.54166666667 |                0.0 | -0.999712202131 | -0.999712202131 |
|          3.5625 |                0.0 | -0.999799518732 | -0.999799518732 |
|   3.58333333333 |                0.0 | -0.999869559584 | -0.999869559584 |
|   3.60416666667 |                0.0 | -0.999923584087 | -0.999923584087 |
|           3.625 |                0.0 | -0.999963074936 | -0.999963074936 |
|   3.64583333333 |                0.0 |  -0.99998971619 |  -0.99998971619 |
|   3.66666666667 |                0.0 |  -1.00000536902 |  -1.00000536902 |
|          3.6875 |                0.0 |  -1.00001204541 |  -1.00001204541 |
|   3.70833333333 |                0.0 |  -1.00001188015 |  -1.00001188015 |
|   3.72916666667 |                0.0 |  -1.00000710136 |  -1.00000710136 |
|            3.75 |                0.0 |            -1.0 |            -1.0 |
|   3.77083333333 |                0.0 | -0.999992898645 | -0.999992898645 |
|   3.79166666667 |                0.0 | -0.999988119853 | -0.999988119853 |
|          3.8125 |                0.0 | -0.999987954589 | -0.999987954589 |
|   3.83333333333 |                0.0 | -0.999994630982 | -0.999994630982 |
|   3.85416666667 |                0.0 |  -1.00001028381 |  -1.00001028381 |
|           3.875 |                0.0 |  -1.00003692506 |  -1.00003692506 |
|   3.89583333333 |                0.0 |  -1.00007641591 |  -1.00007641591 |
|   3.91666666667 |                0.0 |  -1.00013044042 |  -1.00013044042 |
|          3.9375 |                0.0 |  -1.00020048127 |  -1.00020048127 |
|   3.95833333333 |                0.0 |  -1.00028779787 |  -1.00028779787 |
|   3.97916666667 |                0.0 |  -1.00039340697 |  -1.00039340697 |
|             4.0 |                0.0 |  -1.00051806612 |  -1.00051806612 |
|   4.02083333333 |                0.0 |  -1.00066226012 |  -1.00066226012 |
|   4.04166666667 |                0.0 |  -1.00082619067 |  -1.00082619067 |
|          4.0625 |                0.0 |  -1.00100976921 |  -1.00100976921 |
|   4.08333333333 |                0.0 |  -1.00121261326 |  -1.00121261326 |
|   4.10416666667 |                0.0 |  -1.00143404616 |  -1.00143404616 |
|           4.125 |                0.0 |  -1.00167310017 |  -1.00167310017 |
|   4.14583333333 |                0.0 |  -1.00192852318 |  -1.00192852318 |
|   4.16666666667 |                0.0 |  -1.00219878859 |  -1.00219878859 |
|          4.1875 |                0.0 |  -1.00248210861 |  -1.00248210861 |
|   4.20833333333 |                0.0 |  -1.00277645059 |  -1.00277645059 |
|   4.22916666667 |                0.0 |  -1.00307955639 |  -1.00307955639 |
|            4.25 |                0.0 |  -1.00338896445 |  -1.00338896445 |
|   4.27083333333 |                0.0 |   -1.0037020344 |   -1.0037020344 |
|   4.29166666667 |                0.0 |  -1.00401597393 |  -1.00401597393 |
|          4.3125 |                0.0 |  -1.00432786769 |  -1.00432786769 |
|   4.33333333333 |                0.0 |   -1.0046347077 |   -1.0046347077 |
|   4.35416666667 |                0.0 |  -1.00493342526 |  -1.00493342526 |
|           4.375 |                0.0 |  -1.00522092375 |  -1.00522092375 |
|   4.39583333333 |                0.0 |  -1.00549411204 |  -1.00549411204 |
|   4.41666666667 | -5.40590511344e-05 |  -1.00574993826 |  -1.00580399731 |
|          4.4375 | -0.000283672252288 |  -1.00598542333 |  -1.00626909559 |
|   4.45833333333 | -0.000512723655343 |  -1.00619769414 |  -1.00671041779 |
|   4.47916666667 | -0.000740759635943 |  -1.00638401577 |  -1.00712477541 |
|             4.5 | -0.000967328580724 |  -1.00654182265 |  -1.00750915123 |
|   4.52083333333 |  -0.00119198178171 |  -1.00666874804 |  -1.00786072982 |
|   4.54166666667 |  -0.00141427432495 |  -1.00676265175 |  -1.00817692608 |
|          4.5625 |  -0.00163376597166 |  -1.00682164563 |   -1.0084554116 |
|   4.58333333333 |  -0.00185002203009 |   -1.0068441166 |  -1.00869413863 |
|   4.60416666667 |  -0.00206261421639 |  -1.00682874699 |   -1.0088913612 |
|           4.625 |  -0.00227112150282 |   -1.0067745319 |   -1.0090456534 |
|   4.64583333333 |  -0.00247513095158 |  -1.00668079345 |   -1.0091559244 |
|   4.66666666667 |   -0.0026742385326 |  -1.00654719167 |   -1.0092214302 |
|          4.6875 |  -0.00286804992369 |  -1.00637373196 |  -1.00924178188 |
|   4.70833333333 |  -0.00296163335231 |  -1.00616076907 |  -1.00912240243 |
|   4.72916666667 |  -0.00304920564514 |  -1.00590900742 |  -1.00895821307 |
|            4.75 |  -0.00313044765837 |  -1.00561949785 |   -1.0087499455 |
|   4.77083333333 |   -0.0032050529128 |  -1.00529363077 |  -1.00849868369 |
|   4.79166666667 |  -0.00327272826474 |  -1.00493312588 |  -1.00820585414 |
|          4.8125 |  -0.00333319455025 |  -1.00454001829 |  -1.00787321284 |
|   4.83333333333 |  -0.00338618720175 |  -1.00411664158 |  -1.00750282878 |
|   4.85416666667 |  -0.00343145683547 |  -1.00366560756 |   -1.0070970644 |
|           4.875 |  -0.00346876980869 |  -1.00318978326 |  -1.00665855307 |
|   4.89583333333 |  -0.00349790874562 |  -1.00269226519 |  -1.00619017393 |
|   4.91666666667 |  -0.00351867303085 |  -1.00217635119 |  -1.00569502422 |
|          4.9375 |  -0.00353087926934 |  -1.00164551024 |  -1.00517638951 |
|   4.95833333333 |    -0.003534361712 |  -1.00110335042 |  -1.00463771213 |
|   4.97916666667 |  -0.00352897264607 |  -1.00055358543 |  -1.00408255807 |
|             5.0 |  -0.00351458274945 |            -1.0 |  -1.00351458275 |
|   5.02083333333 |  -0.00349108140817 | -0.999446414572 |  -1.00293749598 |
|   5.04166666667 |  -0.00345837699649 | -0.998896649581 |  -1.00235502658 |
|          5.0625 |  -0.00341639711901 | -0.998354489763 |  -1.00177088688 |
|   5.08333333333 |  -0.00336508881415 | -0.997823648815 |  -1.00118873763 |
|   5.10416666667 |  -0.00330441871876 | -0.997307734813 |  -1.00061215353 |
|           5.125 |  -0.00323437319341 | -0.996810216736 |  -1.00004458993 |
|   5.14583333333 |  -0.00315495840807 | -0.996334392438 | -0.999489350846 |
|   5.16666666667 |  -0.00306620038805 |  -0.99588335842 | -0.998949558808 |
|          5.1875 |  -0.00296814502001 | -0.995459981707 | -0.998428126727 |
|   5.20833333333 |  -0.00286085801808 | -0.995066874123 | -0.997927732141 |
|   5.22916666667 |  -0.00274442485005 | -0.994706369225 | -0.997450794075 |
|            5.25 |  -0.00261895062383 | -0.994380502154 | -0.996999452778 |
|   5.27083333333 |  -0.00248455993434 | -0.994090992578 | -0.996575552512 |
|   5.29166666667 |  -0.00234139667107 | -0.993839230926 | -0.996180627598 |
|          5.3125 |  -0.00218962378679 | -0.993626268039 | -0.995815891826 |
|   5.33333333333 |  -0.00202942302765 | -0.993452808332 |  -0.99548223136 |
|   5.35416666667 |  -0.00186099462546 | -0.993319206547 | -0.995180201173 |
|           5.375 |  -0.00168455695237 | -0.993225468099 | -0.994910025051 |
|   5.39583333333 |  -0.00150034613903 | -0.993171253013 | -0.994671599152 |
|   5.41666666667 |  -0.00130861565655 |   -0.9931558834 | -0.994464499057 |
|          5.4375 |   -0.0011096358634 | -0.993178354368 | -0.994287990231 |
|   5.45833333333 | -0.000903693517944 | -0.993237348245 | -0.994141041763 |
|   5.47916666667 | -0.000691091257597 | -0.993331251958 | -0.994022343216 |
|             5.5 | -0.000472147045611 |  -0.99345817735 | -0.993930324396 |
|   5.52083333333 | -0.000247193586587 | -0.993615984229 | -0.993863177815 |
|   5.54166666667 | -1.65777118336e-05 | -0.993802305863 | -0.993818883574 |
|          5.5625 |  0.000219340264233 | -0.994014576665 | -0.993795236401 |
|   5.58333333333 |  0.000460187215386 | -0.994250061738 | -0.993789874523 |
|   5.60416666667 |  0.000705577901271 | -0.994505887957 | -0.993800310056 |
|           5.625 |  0.000955115690111 | -0.994779076254 | -0.993823960564 |
|   5.64583333333 |   0.00120839330502 |  -0.99506657474 | -0.993858181435 |
|   5.66666666667 |   0.00146499359249 | -0.995365292303 | -0.993900298711 |
|          5.6875 |   0.00172449031144 | -0.995672132313 | -0.993947642001 |
|   5.70833333333 |   0.00198644894151 | -0.995984026066 | -0.993997577125 |
|   5.72916666667 |   0.00225042750869 | -0.996297965605 | -0.994047538096 |
|            5.75 |   0.00251597742699 |  -0.99661103555 | -0.994095058123 |
|   5.77083333333 |   0.00278264435428 | -0.996920443607 | -0.994137799253 |
|   5.79166666667 |   0.00304996906068 | -0.997223549409 | -0.994173580348 |
|          5.8125 |   0.00331748830782 | -0.997517891392 | -0.994200403084 |
|   5.83333333333 |   0.00358473573726 | -0.997801211409 | -0.994216475672 |
|   5.85416666667 |   0.00385124276624 | -0.998071476821 | -0.994220234054 |
|           5.875 |   0.00411653948907 | -0.998326899828 | -0.994210360339 |
|   5.89583333333 |   0.00423151102223 | -0.998565953844 | -0.994334442822 |
|   5.91666666667 |   0.00426353975068 | -0.998787386736 | -0.994523846985 |
|          5.9375 |   0.00429369834968 | -0.998990230792 | -0.994696532442 |
|   5.95833333333 |   0.00432197359068 |  -0.99917380933 | -0.994851835739 |
|   5.97916666667 |   0.00434835307122 | -0.999337739875 | -0.994989386804 |
|             6.0 |   0.00437282522038 | -0.999481933883 | -0.995109108663 |
|   6.02083333333 |   0.00439537930389 | -0.999606593033 | -0.995211213729 |
|   6.04166666667 |   0.00441600542876 | -0.999712202131 | -0.995296196703 |
|          6.0625 |    0.0044346945477 | -0.999799518732 | -0.995364824184 |
|   6.08333333333 |   0.00445143846304 | -0.999869559584 | -0.995418121121 |
|   6.10416666667 |   0.00446622983035 | -0.999923584087 | -0.995457354257 |
|           6.125 |   0.00447906216165 | -0.999963074936 | -0.995484012774 |
|   6.14583333333 |   0.00448992982825 |  -0.99998971619 | -0.995499786361 |
|   6.16666666667 |   0.00449882806323 |  -1.00000536902 | -0.995506540955 |
|          6.1875 |   0.00450575296354 |  -1.00001204541 | -0.995506292447 |
|   6.20833333333 |   0.00451070149168 |  -1.00001188015 | -0.995501178655 |
|   6.22916666667 |   0.00451367147706 |  -1.00000710136 | -0.995493429878 |
|            6.25 |   0.00451466161696 |            -1.0 | -0.995485338383 |
|   6.27083333333 |   0.00451367147706 | -0.999992898645 | -0.995479227168 |
|   6.29166666667 |   0.00451070149168 | -0.999988119853 | -0.995477418362 |
|          6.3125 |   0.00450575296354 | -0.999987954589 | -0.995482201626 |
|   6.33333333333 |   0.00449882806323 | -0.999994630982 | -0.995495802919 |
|   6.35416666667 |   0.00448992982825 |  -1.00001028381 | -0.995520353982 |
|           6.375 |   0.00447906216165 |  -1.00003692506 | -0.995557862902 |
|   6.39583333333 |   0.00446622983035 |  -1.00007641591 | -0.995610186083 |
|   6.41666666667 |   0.00445143846304 |  -1.00013044042 | -0.995679001953 |
|          6.4375 |    0.0044346945477 |  -1.00020048127 | -0.995765786721 |
|   6.45833333333 |   0.00441600542876 |  -1.00028779787 |  -0.99587179244 |
|   6.47916666667 |   0.00439537930389 |  -1.00039340697 | -0.995998027663 |
|             6.5 |   0.00437282522038 |  -1.00051806612 | -0.996145240896 |
|   6.52083333333 |   0.00434835307122 |  -1.00066226012 | -0.996313907054 |
|   6.54166666667 |   0.00432197359068 |  -1.00082619067 | -0.996504217079 |
|          6.5625 |   0.00429369834968 |  -1.00100976921 | -0.996716070859 |
|   6.58333333333 |   0.00426353975068 |  -1.00121261326 | -0.996949073514 |
|   6.60416666667 |   0.00423151102223 |  -1.00143404616 | -0.997202535134 |
|           6.625 |   0.00419762621319 |  -1.00167310017 | -0.997475473959 |
|   6.64583333333 |   0.00416190018657 |  -1.00192852318 | -0.997766622993 |
|   6.66666666667 |   0.00412434861297 |  -1.00219878859 | -0.998074439978 |
|          6.6875 |   0.00408498796376 |  -1.00248210861 | -0.998397120644 |
|   6.70833333333 |   0.00404383550381 |  -1.00277645059 | -0.998732615087 |
|   6.72916666667 |   0.00400090928397 |  -1.00307955639 | -0.999078647109 |
|            6.75 |   0.00395622813308 |  -1.00338896445 | -0.999432736317 |
|   6.77083333333 |   0.00390981164978 |   -1.0037020344 | -0.999792222745 |
|   6.79166666667 |   0.00386168019387 |  -1.00401597393 |  -1.00015429374 |
|          6.8125 |   0.00381185487739 |  -1.00432786769 |  -1.00051601281 |
|   6.83333333333 |   0.00376035755539 |   -1.0046347077 |  -1.00087435014 |
|   6.85416666667 |   0.00370721081627 |  -1.00493342526 |  -1.00122621444 |
|           6.875 |   0.00365243797197 |  -1.00522092375 |  -1.00156848577 |
|   6.89583333333 |   0.00359606304767 |  -1.00549411204 |    -1.001898049 |
|   6.91666666667 |   0.00353811077125 |  -1.00574993826 |  -1.00221182749 |
|          6.9375 |   0.00347860656252 |  -1.00598542333 |  -1.00250681677 |
|   6.95833333333 |   0.00341757652198 |  -1.00619769414 |  -1.00278011762 |
|   6.97916666667 |   0.00335504741943 |  -1.00638401577 |  -1.00302896835 |
|             7.0 |   0.00329104668219 |  -1.00654182265 |  -1.00325077597 |
|   7.02083333333 |   0.00322560238311 |  -1.00666874804 |  -1.00344314566 |
|   7.04166666667 |   0.00315874322821 |  -1.00676265175 |  -1.00360390853 |
|          7.0625 |   0.00309049854414 |  -1.00682164563 |  -1.00373114709 |
|   7.08333333333 |   0.00302089826526 |   -1.0068441166 |  -1.00382321833 |
|   7.10416666667 |   0.00294997292057 |  -1.00682874699 |  -1.00387877407 |
|           7.125 |   0.00287775362025 |   -1.0067745319 |  -1.00389677828 |
|   7.14583333333 |   0.00280427204208 |  -1.00668079345 |  -1.00387652141 |
|   7.16666666667 |   0.00272956041752 |  -1.00654719167 |  -1.00381763125 |
|          7.1875 |   0.00265365151754 |  -1.00637373196 |  -1.00372008044 |
|   7.20833333333 |    0.0025765786383 |  -1.00616076907 |  -1.00358419044 |
|   7.22916666667 |   0.00249837558652 |  -1.00590900742 |  -1.00341063184 |
|            7.25 |   0.00241907666463 |  -1.00561949785 |  -1.00320042118 |
|   7.27083333333 |   0.00233871665577 |  -1.00529363077 |  -1.00295491412 |
|   7.29166666667 |   0.00225733080848 |  -1.00493312588 |  -1.00267579507 |
|          7.3125 |    0.0021749548213 |  -1.00454001829 |  -1.00236506347 |
|   7.33333333333 |   0.00209162482705 |  -1.00411664158 |  -1.00202501675 |
|   7.35416666667 |   0.00199386238266 |  -1.00366560756 |  -1.00167174518 |
|           7.375 |   0.00167906927535 |  -1.00318978326 |  -1.00151071399 |
|   7.39583333333 |   0.00136391461152 |  -1.00269226519 |  -1.00132835058 |
|   7.41666666667 |     0.001048889987 |  -1.00217635119 |   -1.0011274612 |
|          7.4375 |  0.000734485498232 |  -1.00164551024 |  -1.00091102474 |
|   7.45833333333 |  0.000421188830342 |  -1.00110335042 |  -1.00068216159 |
|   7.47916666667 |  0.000109484350504 |  -1.00055358543 |  -1.00044410108 |
|             7.5 | -0.000200147791619 |            -1.0 |  -1.00020014779 |
|   7.52083333333 | -0.000507232554625 | -0.999446414572 | -0.999953647126 |
|   7.54166666667 | -0.000811300885563 | -0.998896649581 | -0.999707950467 |
|          7.5625 |  -0.00111189058785 | -0.998354489763 | -0.999466380351 |
|   7.58333333333 |  -0.00140854717521 | -0.997823648815 |  -0.99923219599 |
|   7.60416666667 |  -0.00170082471001 | -0.997307734813 | -0.999008559523 |
|           7.625 |   -0.0019882866243 | -0.996810216736 | -0.998798503361 |
|   7.64583333333 |  -0.00227050652203 | -0.996334392438 |  -0.99860489896 |
|   7.66666666667 |   -0.0025470689608 |  -0.99588335842 | -0.998430427381 |
|          7.6875 |   -0.0028175702117 | -0.995459981707 | -0.998277551919 |
|   7.70833333333 |  -0.00308161899569 | -0.995066874123 | -0.998148493118 |
|   7.72916666667 |  -0.00333883719519 | -0.994706369225 | -0.998045206421 |
|            7.75 |   -0.0035888605394 | -0.994380502154 | -0.997969362694 |
|   7.77083333333 |  -0.00383133926203 | -0.994090992578 |  -0.99792233184 |
|   7.79166666667 |  -0.00406593873021 | -0.993839230926 | -0.997905169657 |
|          7.8125 |  -0.00429234004341 | -0.993626268039 | -0.997918608082 |
|   7.83333333333 |  -0.00441569266184 | -0.993452808332 | -0.997868500994 |
|   7.85416666667 |  -0.00453030023129 | -0.993319206547 | -0.997849506779 |
|           7.875 |  -0.00463593577744 | -0.993225468099 | -0.997861403876 |
|   7.89583333333 |   -0.0047323900946 | -0.993171253013 | -0.997903643108 |
|   7.91666666667 |  -0.00481947216003 |   -0.9931558834 |  -0.99797535556 |
|          7.9375 |  -0.00489700951224 | -0.993178354368 |  -0.99807536388 |
|   7.95833333333 |  -0.00496484859254 | -0.993237348245 | -0.998202196838 |
|   7.97916666667 |  -0.00502285504919 | -0.993331251958 | -0.998354107007 |
|             8.0 |  -0.00507091400341 |  -0.99345817735 | -0.998529091354 |
|   8.02083333333 |  -0.00510893027696 | -0.993615984229 | -0.998724914506 |
|   8.04166666667 |  -0.00513682858059 | -0.993802305863 | -0.998939134443 |
|          8.0625 |  -0.00515455366316 | -0.994014576665 | -0.999169130328 |
|   8.08333333333 |  -0.00516207042107 | -0.994250061738 | -0.999412132159 |
|   8.10416666667 |  -0.00515936396778 | -0.994505887957 | -0.999665251925 |
|           8.125 |  -0.00514643966327 | -0.994779076254 | -0.999925515917 |
|   8.14583333333 |  -0.00512332310345 |  -0.99506657474 |  -1.00018989784 |
|   8.16666666667 |  -0.00509006006948 | -0.995365292303 |  -1.00045535237 |
|          8.1875 |  -0.00504671643704 | -0.995672132313 |  -1.00071884875 |
|   8.20833333333 |  -0.00499337804595 | -0.995984026066 |  -1.00097740411 |
|   8.22916666667 |   -0.0049301505301 | -0.996297965605 |  -1.00122811614 |
|            8.25 |  -0.00485715910829 |  -0.99661103555 |  -1.00146819466 |
|   8.27083333333 |  -0.00477454833622 | -0.996920443607 |  -1.00169499194 |
|   8.29166666667 |  -0.00468248182023 | -0.997223549409 |  -1.00190603123 |
|          8.3125 |  -0.00458114189324 | -0.997517891392 |  -1.00209903329 |
|   8.33333333333 |  -0.00447072925369 | -0.997801211409 |  -1.00227194066 |
|   8.35416666667 |  -0.00435146256806 | -0.998071476821 |  -1.00242293939 |
|           8.375 |  -0.00422357803779 | -0.998326899828 |  -1.00255047787 |
|   8.39583333333 |  -0.00408732893153 | -0.998565953844 |  -1.00265328278 |
|   8.41666666667 |  -0.00394298508352 | -0.998787386736 |  -1.00273037182 |
|          8.4375 |  -0.00379083235923 | -0.998990230792 |  -1.00278106315 |
|   8.45833333333 |  -0.00363117208918 |  -0.99917380933 |  -1.00280498142 |
|   8.47916666667 |  -0.00346432047223 | -0.999337739875 |  -1.00280206035 |
|             8.5 |  -0.00329060794928 | -0.999481933883 |  -1.00277254183 |
|   8.52083333333 |  -0.00311037854894 | -0.999606593033 |  -1.00271697158 |
|   8.54166666667 |  -0.00292398920612 | -0.999712202131 |  -1.00263619134 |
|          8.5625 |   -0.0027318090552 | -0.999799518732 |  -1.00253132779 |
|   8.58333333333 |  -0.00253421869895 | -0.999869559584 |  -1.00240377828 |
|   8.60416666667 |  -0.00233160945475 | -0.999923584087 |  -1.00225519354 |
|           8.625 |  -0.00212438257965 | -0.999963074936 |  -1.00208745752 |
|   8.64583333333 |  -0.00191294847566 |  -0.99998971619 |  -1.00190266467 |
|   8.66666666667 |  -0.00169772587699 |  -1.00000536902 |   -1.0017030949 |
|          8.6875 |  -0.00147914102079 |  -1.00001204541 |  -1.00149118643 |
|   8.70833333333 |  -0.00125762680294 |  -1.00001188015 |  -1.00126950695 |
|   8.72916666667 |  -0.00103362192082 |  -1.00000710136 |  -1.00104072328 |
|            8.75 | -0.000807570004396 |            -1.0 |     -1.00080757 |
|   8.77083333333 | -0.000579918737703 | -0.999992898645 |  -1.00057281738 |
|   8.79166666667 |   -0.0003511189722 | -0.999988119853 |  -1.00033923883 |
|          8.8125 | -0.000121623833887 | -0.999987954589 |  -1.00010957842 |
|   8.83333333333 |                0.0 | -0.999994630982 | -0.999994630982 |
|   8.85416666667 |                0.0 |  -1.00001028381 |  -1.00001028381 |
|           8.875 |                0.0 |  -1.00003692506 |  -1.00003692506 |
|   8.89583333333 |                0.0 |  -1.00007641591 |  -1.00007641591 |
|   8.91666666667 |                0.0 |  -1.00013044042 |  -1.00013044042 |
|          8.9375 |                0.0 |  -1.00020048127 |  -1.00020048127 |
|   8.95833333333 |                0.0 |  -1.00028779787 |  -1.00028779787 |
|   8.97916666667 |                0.0 |  -1.00039340697 |  -1.00039340697 |
|             9.0 |                0.0 |  -1.00051806612 |  -1.00051806612 |
|   9.02083333333 |                0.0 |  -1.00066226012 |  -1.00066226012 |
|   9.04166666667 |                0.0 |  -1.00082619067 |  -1.00082619067 |
|          9.0625 |                0.0 |  -1.00100976921 |  -1.00100976921 |
|   9.08333333333 |                0.0 |  -1.00121261326 |  -1.00121261326 |
|   9.10416666667 |                0.0 |  -1.00143404616 |  -1.00143404616 |
|           9.125 |                0.0 |  -1.00167310017 |  -1.00167310017 |
|   9.14583333333 |                0.0 |  -1.00192852318 |  -1.00192852318 |
|   9.16666666667 |                0.0 |  -1.00219878859 |  -1.00219878859 |
|          9.1875 |                0.0 |  -1.00248210861 |  -1.00248210861 |
|   9.20833333333 |                0.0 |  -1.00277645059 |  -1.00277645059 |
|   9.22916666667 |                0.0 |  -1.00307955639 |  -1.00307955639 |
|            9.25 |                0.0 |  -1.00338896445 |  -1.00338896445 |
|   9.27083333333 |                0.0 |   -1.0037020344 |   -1.0037020344 |
|   9.29166666667 |                0.0 |  -1.00401597393 |  -1.00401597393 |
|          9.3125 |                0.0 |  -1.00432786769 |  -1.00432786769 |
|   9.33333333333 |                0.0 |   -1.0046347077 |   -1.0046347077 |
|   9.35416666667 |                0.0 |  -1.00493342526 |  -1.00493342526 |
|           9.375 |                0.0 |  -1.00522092375 |  -1.00522092375 |
|   9.39583333333 |                0.0 |  -1.00549411204 |  -1.00549411204 |
|   9.41666666667 |                0.0 |  -1.00574993826 |  -1.00574993826 |
|          9.4375 |                0.0 |  -1.00598542333 |  -1.00598542333 |
|   9.45833333333 |                0.0 |  -1.00619769414 |  -1.00619769414 |
|   9.47916666667 |                0.0 |  -1.00638401577 |  -1.00638401577 |
|             9.5 |                0.0 |  -1.00654182265 |  -1.00654182265 |
|   9.52083333333 |                0.0 |  -1.00666874804 |  -1.00666874804 |
|   9.54166666667 |                0.0 |  -1.00676265175 |  -1.00676265175 |
|          9.5625 |                0.0 |  -1.00682164563 |  -1.00682164563 |
|   9.58333333333 |                0.0 |   -1.0068441166 |   -1.0068441166 |
|   9.60416666667 |                0.0 |  -1.00682874699 |  -1.00682874699 |
|           9.625 |                0.0 |   -1.0067745319 |   -1.0067745319 |
|   9.64583333333 |                0.0 |  -1.00668079345 |  -1.00668079345 |
|   9.66666666667 |                0.0 |  -1.00654719167 |  -1.00654719167 |
|          9.6875 |                0.0 |  -1.00637373196 |  -1.00637373196 |
|   9.70833333333 |                0.0 |  -1.00616076907 |  -1.00616076907 |
|   9.72916666667 |                0.0 |  -1.00590900742 |  -1.00590900742 |
|            9.75 |                0.0 |  -1.00561949785 |  -1.00561949785 |
|   9.77083333333 |                0.0 |  -1.00529363077 |  -1.00529363077 |
|   9.79166666667 |                0.0 |  -1.00493312588 |  -1.00493312588 |
|          9.8125 |                0.0 |  -1.00454001829 |  -1.00454001829 |
|   9.83333333333 |                0.0 |  -1.00411664158 |  -1.00411664158 |
|   9.85416666667 |                0.0 |  -1.00366560756 |  -1.00366560756 |
|           9.875 |                0.0 |  -1.00318978326 |  -1.00318978326 |
|   9.89583333333 |                0.0 |  -1.00269226519 |  -1.00269226519 |
|   9.91666666667 |                0.0 |  -1.00217635119 |  -1.00217635119 |
|          9.9375 |                0.0 |  -1.00164551024 |  -1.00164551024 |
|   9.95833333333 |                0.0 |  -1.00110335042 |  -1.00110335042 |
|   9.97916666667 |                0.0 |  -1.00055358543 |  -1.00055358543 |
|            10.0 |                0.0 |            -1.0 |            -1.0 |
|   10.0208333333 |                0.0 | -0.999446414572 | -0.999446414572 |
|   10.0416666667 |                0.0 | -0.998896649581 | -0.998896649581 |
|         10.0625 |                0.0 | -0.998354489763 | -0.998354489763 |
|   10.0833333333 |                0.0 | -0.997823648815 | -0.997823648815 |
|   10.1041666667 |                0.0 | -0.997307734813 | -0.997307734813 |
|          10.125 |                0.0 | -0.996810216736 | -0.996810216736 |
|   10.1458333333 |                0.0 | -0.996334392438 | -0.996334392438 |
|   10.1666666667 |                0.0 |  -0.99588335842 |  -0.99588335842 |
|         10.1875 |                0.0 | -0.995459981707 | -0.995459981707 |
|   10.2083333333 |                0.0 | -0.995066874123 | -0.995066874123 |
|   10.2291666667 |                0.0 | -0.994706369225 | -0.994706369225 |
|           10.25 |                0.0 | -0.994380502154 | -0.994380502154 |
|   10.2708333333 |                0.0 | -0.994090992578 | -0.994090992578 |
|   10.2916666667 |                0.0 | -0.993839230926 | -0.993839230926 |
|         10.3125 | -0.000202673046358 | -0.993626268039 | -0.993828941085 |
|   10.3333333333 | -0.000431974605406 | -0.993452808332 | -0.993884782938 |
|   10.3541666667 | -0.000660420661281 | -0.993319206547 | -0.993979627209 |
|          10.375 | -0.000887558788485 | -0.993225468099 | -0.994113026887 |
|   10.3958333333 |  -0.00111293915181 | -0.993171253013 | -0.994284192165 |
|   10.4166666667 |  -0.00133611539719 |   -0.9931558834 | -0.994491998798 |
|         10.4375 |  -0.00155664553572 | -0.993178354368 | -0.994734999904 |
|   10.4583333333 |  -0.00177409281897 | -0.993237348245 | -0.995011441064 |
|   10.4791666667 |  -0.00198802660393 | -0.993331251958 | -0.995319278562 |
|            10.5 |   -0.0021980232059 |  -0.99345817735 | -0.995656200556 |
|   10.5208333333 |  -0.00240366673756 | -0.993615984229 | -0.996019650966 |
|   10.5416666667 |  -0.00260454993263 | -0.993802305863 | -0.996406855795 |
|         10.5625 |  -0.00280027495242 | -0.994014576665 | -0.996814851618 |
|   10.5833333333 |  -0.00299045417373 | -0.994250061738 | -0.997240515912 |
|   10.6041666667 |  -0.00317471095654 | -0.994505887957 | -0.997680598913 |
|          10.625 |   -0.0033526803899 | -0.994779076254 | -0.998131756644 |
|   10.6458333333 |  -0.00352401001463 |  -0.99506657474 | -0.998590584755 |
|   10.6666666667 |  -0.00368836052134 | -0.995365292303 | -0.999053652825 |
|         10.6875 |  -0.00384540642244 | -0.995672132313 | -0.999517538735 |
|   10.7083333333 |  -0.00399483669669 | -0.995984026066 | -0.999978862763 |
|   10.7291666667 |  -0.00413635540525 | -0.996297965605 |  -1.00043432101 |
|           10.75 |  -0.00426968227769 |  -0.99661103555 |  -1.00088071783 |
|   10.7708333333 |   -0.0043945532671 | -0.996920443607 |  -1.00131499687 |
|   10.7916666667 |  -0.00451072107298 | -0.997223549409 |  -1.00173427048 |
|         10.8125 |  -0.00461795563107 | -0.997517891392 |  -1.00213584702 |
|   10.8333333333 |  -0.00471604456892 | -0.997801211409 |  -1.00251725598 |
|   10.8541666667 |  -0.00480479362649 | -0.998071476821 |  -1.00287627045 |
|          10.875 |  -0.00488402704091 | -0.998326899828 |  -1.00321092687 |
|   10.8958333333 |  -0.00495358789454 | -0.998565953844 |  -1.00351954174 |
|   10.9166666667 |  -0.00501333842573 | -0.998787386736 |  -1.00380072516 |
|         10.9375 |  -0.00506316030168 | -0.998990230792 |  -1.00405339109 |
|   10.9583333333 |  -0.00500840691354 |  -0.99917380933 |  -1.00418221624 |
|   10.9791666667 |  -0.00494358886135 | -0.999337739875 |  -1.00428132874 |
|            11.0 |   -0.0048686888024 | -0.999481933883 |  -1.00435062269 |
|   11.0208333333 |  -0.00478370948875 | -0.999606593033 |  -1.00439030252 |
|   11.0416666667 |  -0.00468867382559 | -0.999712202131 |  -1.00440087596 |
|         11.0625 |  -0.00458362488968 | -0.999799518732 |  -1.00438314362 |
|   11.0833333333 |  -0.00446862590771 | -0.999869559584 |  -1.00433818549 |
|   11.1041666667 |  -0.00434376019455 | -0.999923584087 |  -1.00426734428 |
|          11.125 |  -0.00420913105168 | -0.999963074936 |  -1.00417220599 |
|   11.1458333333 |   -0.0040648616257 |  -0.99998971619 |  -1.00405457782 |
|   11.1666666667 |  -0.00391109472742 |  -1.00000536902 |  -1.00391646375 |
|         11.1875 |  -0.00374799261168 |  -1.00001204541 |  -1.00376003802 |
|   11.2083333333 |  -0.00357573671847 |  -1.00001188015 |  -1.00358761687 |
|   11.2291666667 |  -0.00339452737564 |  -1.00000710136 |  -1.00340162873 |
|           11.25 |  -0.00320458346395 |            -1.0 |  -1.00320458346 |
|   11.2708333333 |  -0.00300614204502 | -0.999992898645 |  -1.00299904069 |
|   11.2916666667 |  -0.00279945795281 | -0.999988119853 |  -1.00278757781 |
|         11.3125 |  -0.00258480334959 | -0.999987954589 |  -1.00257275794 |
|   11.3333333333 |  -0.00236246724707 | -0.999994630982 |  -1.00235709823 |
|   11.3541666667 |  -0.00213275499374 |  -1.00001028381 |   -1.0021430388 |
|          11.375 |  -0.00189598772933 |  -1.00003692506 |  -1.00193291279 |
|   11.3958333333 |  -0.00165250180754 |  -1.00007641591 |  -1.00172891772 |
|   11.4166666667 |  -0.00140264818799 |  -1.00013044042 |   -1.0015330886 |
|         11.4375 |  -0.00114679179878 |  -1.00020048127 |  -1.00134727307 |
|   11.4583333333 |  -0.00088531087073 |  -1.00028779787 |  -1.00117310874 |
|   11.4791666667 | -0.000618596244656 |  -1.00039340697 |  -1.00101200321 |
|            11.5 | -0.000347050653062 |  -1.00051806612 |  -1.00086511677 |
|   11.5208333333 | -7.10879775786e-05 |  -1.00066226012 |   -1.0007333481 |
|   11.5416666667 |  0.000208867516361 |  -1.00082619067 |  -1.00061732315 |
|         11.5625 |  0.000492381966126 |  -1.00100976921 |  -1.00051738724 |
|   11.5833333333 |  0.000779012718241 |  -1.00121261326 |  -1.00043360055 |
|   11.6041666667 |   0.00106830915292 |  -1.00143404616 |    -1.000365737 |
|          11.625 |   0.00135981352515 |  -1.00167310017 |  -1.00031328665 |
|   11.6458333333 |   0.00165306182071 |  -1.00192852318 |  -1.00027546136 |
|   11.6666666667 |   0.00194758462543 |  -1.00219878859 |  -1.00025120397 |
|         11.6875 |   0.00224290800601 |  -1.00248210861 |   -1.0002392006 |
|   11.7083333333 |   0.00253855440063 |  -1.00277645059 |  -1.00023789619 |
|   11.7291666667 |   0.00283404351771 |  -1.00307955639 |  -1.00024551288 |
|           11.75 |   0.00312889324087 |  -1.00338896445 |  -1.00026007121 |
|   11.7708333333 |   0.00335504741943 |   -1.0037020344 |  -1.00034698698 |
|   11.7916666667 |   0.00341757652198 |  -1.00401597393 |  -1.00059839741 |
|         11.8125 |   0.00347860656252 |  -1.00432786769 |  -1.00084926112 |
|   11.8333333333 |   0.00353811077125 |   -1.0046347077 |  -1.00109659693 |
|   11.8541666667 |   0.00359606304767 |  -1.00493342526 |  -1.00133736221 |
|          11.875 |   0.00365243797197 |  -1.00522092375 |  -1.00156848577 |
|   11.8958333333 |   0.00370721081627 |  -1.00549411204 |  -1.00178690123 |
|   11.9166666667 |   0.00376035755539 |  -1.00574993826 |  -1.00198958071 |
|         11.9375 |   0.00381185487739 |  -1.00598542333 |  -1.00217356846 |
|   11.9583333333 |   0.00386168019387 |  -1.00619769414 |  -1.00233601394 |
|   11.9791666667 |   0.00390981164978 |  -1.00638401577 |  -1.00247420412 |
|            12.0 |   0.00395622813308 |  -1.00654182265 |  -1.00258559452 |
|   12.0208333333 |   0.00400090928397 |  -1.00666874804 |  -1.00266783876 |
|   12.0416666667 |   0.00404383550381 |  -1.00676265175 |  -1.00271881625 |
|         12.0625 |   0.00408498796376 |  -1.00682164563 |  -1.00273665767 |
|   12.0833333333 |   0.00412434861297 |   -1.0068441166 |  -1.00271976799 |
|   12.1041666667 |   0.00416190018657 |  -1.00682874699 |   -1.0026668468 |
|          12.125 |   0.00419762621319 |   -1.0067745319 |  -1.00257690569 |
|   12.1458333333 |   0.00423151102223 |  -1.00668079345 |  -1.00244928243 |
|   12.1666666667 |   0.00426353975068 |  -1.00654719167 |  -1.00228365192 |
|         12.1875 |   0.00429369834968 |  -1.00637373196 |  -1.00208003361 |
|   12.2083333333 |   0.00432197359068 |  -1.00616076907 |  -1.00183879548 |
|   12.2291666667 |   0.00434835307122 |  -1.00590900742 |  -1.00156065435 |
|           12.25 |   0.00437282522038 |  -1.00561949785 |  -1.00124667263 |
|   12.2708333333 |   0.00439537930389 |  -1.00529363077 |  -1.00089825147 |
|   12.2916666667 |   0.00441600542876 |  -1.00493312588 |  -1.00051712045 |
|         12.3125 |    0.0044346945477 |  -1.00454001829 |  -1.00010532374 |
|   12.3333333333 |   0.00445143846304 |  -1.00411664158 | -0.999665203117 |
|   12.3541666667 |   0.00446622983035 |  -1.00366560756 | -0.999199377732 |
|          12.375 |   0.00447906216165 |  -1.00318978326 | -0.998710721102 |
|   12.3958333333 |   0.00448992982825 |  -1.00269226519 | -0.998202335358 |
|   12.4166666667 |   0.00449882806323 |  -1.00217635119 | -0.997677523122 |
|         12.4375 |   0.00450575296354 |  -1.00164551024 | -0.997139757274 |
|   12.4583333333 |   0.00451070149168 |  -1.00110335042 | -0.996592648927 |
|   12.4791666667 |   0.00451367147706 |  -1.00055358543 | -0.996039913951 |
|            12.5 |   0.00451466161696 |            -1.0 | -0.995485338383 |
|   12.5208333333 |   0.00451367147706 | -0.999446414572 | -0.994932743094 |
|   12.5416666667 |   0.00451070149168 | -0.998896649581 |  -0.99438594809 |
|         12.5625 |   0.00450575296354 | -0.998354489763 | -0.993848736799 |
|   12.5833333333 |   0.00449882806323 | -0.997823648815 | -0.993324820751 |
|   12.6041666667 |   0.00448992982825 | -0.997307734813 | -0.992817804985 |
|          12.625 |   0.00447906216165 | -0.996810216736 | -0.992331154575 |
|   12.6458333333 |   0.00446622983035 | -0.996334392438 | -0.991868162608 |
|   12.6666666667 |   0.00445143846304 |  -0.99588335842 | -0.991431919957 |
|         12.6875 |    0.0044346945477 | -0.995459981707 |  -0.99102528716 |
|   12.7083333333 |   0.00441600542876 | -0.995066874123 | -0.990650868694 |
|   12.7291666667 |   0.00439537930389 | -0.994706369225 | -0.990310989921 |
|           12.75 |   0.00437282522038 | -0.994380502154 | -0.990007676934 |
|   12.7708333333 |   0.00434835307122 | -0.994090992578 | -0.989742639507 |
|   12.7916666667 |   0.00432197359068 | -0.993839230926 | -0.989517257336 |
|         12.8125 |   0.00429369834968 | -0.993626268039 | -0.989332569689 |
|   12.8333333333 |   0.00426353975068 | -0.993452808332 | -0.989189268582 |
|   12.8541666667 |   0.00423151102223 | -0.993319206547 | -0.989087695525 |
|          12.875 |   0.00419762621319 | -0.993225468099 | -0.989027841886 |
|   12.8958333333 |   0.00416190018657 | -0.993171253013 | -0.989009352826 |
|   12.9166666667 |   0.00412434861297 |   -0.9931558834 | -0.989031534787 |
|         12.9375 |   0.00408498796376 | -0.993178354368 | -0.989093366404 |
|   12.9583333333 |   0.00404383550381 | -0.993237348245 | -0.989193512742 |
|   12.9791666667 |   0.00400090928397 | -0.993331251958 | -0.989330342674 |
|            13.0 |   0.00395622813308 |  -0.99345817735 | -0.989501949217 |
|   13.0208333333 |   0.00390981164978 | -0.993615984229 | -0.989706172579 |
|   13.0416666667 |   0.00386168019387 | -0.993802305863 | -0.989940625669 |
|         13.0625 |   0.00381185487739 | -0.994014576665 | -0.990202721788 |
|   13.0833333333 |   0.00376035755539 | -0.994250061738 | -0.990489704183 |
|   13.1041666667 |   0.00370721081627 | -0.994505887957 | -0.990798677141 |
|          13.125 |   0.00365243797197 | -0.994779076254 | -0.991126638282 |
|   13.1458333333 |   0.00359606304767 |  -0.99506657474 | -0.991470511693 |
|   13.1666666667 |   0.00353811077125 | -0.995365292303 | -0.991827181532 |
|         13.1875 |   0.00347860656252 | -0.995672132313 |  -0.99219352575 |
|   13.2083333333 |   0.00341757652198 | -0.995984026066 | -0.992566449544 |
|   13.2291666667 |   0.00335504741943 | -0.996297965605 | -0.992942918185 |
|           13.25 |   0.00312889324087 |  -0.99661103555 | -0.993482142309 |
|   13.2708333333 |   0.00283404351771 | -0.996920443607 | -0.994086400089 |
|   13.2916666667 |   0.00253855440063 | -0.997223549409 | -0.994684995008 |
|         13.3125 |   0.00224290800601 | -0.997517891392 | -0.995274983386 |
|   13.3333333333 |   0.00194758462543 | -0.997801211409 | -0.995853626784 |
|   13.3541666667 |   0.00165306182071 | -0.998071476821 |    -0.996418415 |
|          13.375 |   0.00135981352515 | -0.998326899828 | -0.996967086303 |
|   13.3958333333 |   0.00106830915292 | -0.998565953844 | -0.997497644691 |
|   13.4166666667 |  0.000779012718241 | -0.998787386736 | -0.998008374017 |
|         13.4375 |  0.000492381966126 | -0.998990230792 | -0.998497848825 |
|   13.4583333333 |  0.000208867516361 |  -0.99917380933 | -0.998964941814 |
|   13.4791666667 | -7.10879775786e-05 | -0.999337739875 | -0.999408827853 |
|            13.5 | -0.000347050653062 | -0.999481933883 | -0.999828984536 |
|   13.5208333333 | -0.000618596244656 | -0.999606593033 |  -1.00022518928 |
|   13.5416666667 |  -0.00088531087073 | -0.999712202131 |    -1.000597513 |
|         13.5625 |  -0.00114679179878 | -0.999799518732 |  -1.00094631053 |
|   13.5833333333 |  -0.00140264818799 | -0.999869559584 |  -1.00127220777 |
|   13.6041666667 |  -0.00165250180754 | -0.999923584087 |  -1.00157608589 |
|          13.625 |  -0.00189598772933 | -0.999963074936 |  -1.00185906267 |
|   13.6458333333 |  -0.00213275499374 |  -0.99998971619 |  -1.00212247118 |
|   13.6666666667 |  -0.00236246724707 |  -1.00000536902 |  -1.00236783627 |
|         13.6875 |  -0.00258480334959 |  -1.00001204541 |  -1.00259684876 |
|   13.7083333333 |  -0.00279945795281 |  -1.00001188015 |   -1.0028113381 |
|   13.7291666667 |  -0.00300614204502 |  -1.00000710136 |   -1.0030132434 |
|           13.75 |  -0.00320458346395 |            -1.0 |  -1.00320458346 |
|   13.7708333333 |  -0.00339452737564 | -0.999992898645 |  -1.00338742602 |
|   13.7916666667 |  -0.00357573671847 | -0.999988119853 |  -1.00356385657 |
|         13.8125 |  -0.00374799261169 | -0.999987954589 |   -1.0037359472 |
|   13.8333333333 |  -0.00391109472742 | -0.999994630982 |  -1.00390572571 |
|   13.8541666667 |   -0.0040648616257 |  -1.00001028381 |  -1.00407514544 |
|          13.875 |  -0.00420913105168 |  -1.00003692506 |  -1.00424605612 |
|   13.8958333333 |  -0.00434376019455 |  -1.00007641591 |  -1.00442017611 |
|   13.9166666667 |  -0.00446862590771 |  -1.00013044042 |  -1.00459906632 |
|         13.9375 |  -0.00458362488968 |  -1.00020048127 |  -1.00478410616 |
|   13.9583333333 |  -0.00468867382559 |  -1.00028779787 |  -1.00497647169 |
|   13.9791666667 |  -0.00478370948875 |  -1.00039340697 |  -1.00517711646 |
|            14.0 |   -0.0048686888024 |  -1.00051806612 |  -1.00538675492 |
|   14.0208333333 |  -0.00494358886135 |  -1.00066226012 |  -1.00560584899 |
|   14.0416666667 |  -0.00500840691354 |  -1.00082619067 |  -1.00583459758 |
|         14.0625 |  -0.00506316030168 |  -1.00100976921 |  -1.00607292951 |
|   14.0833333333 |  -0.00501333842573 |  -1.00121261326 |  -1.00622595169 |
|   14.1041666667 |  -0.00495358789454 |  -1.00143404616 |  -1.00638763405 |
|          14.125 |  -0.00488402704091 |  -1.00167310017 |  -1.00655712721 |
|   14.1458333333 |  -0.00480479362649 |  -1.00192852318 |  -1.00673331681 |
|   14.1666666667 |  -0.00471604456892 |  -1.00219878859 |  -1.00691483316 |
|         14.1875 |  -0.00461795563107 |  -1.00248210861 |  -1.00710006424 |
|   14.2083333333 |  -0.00451072107298 |  -1.00277645059 |  -1.00728717166 |
|   14.2291666667 |   -0.0043945532671 |  -1.00307955639 |  -1.00747410966 |
|           14.25 |  -0.00426968227769 |  -1.00338896445 |  -1.00765864673 |
|   14.2708333333 |  -0.00413635540525 |   -1.0037020344 |   -1.0078383898 |
|   14.2916666667 |  -0.00399483669669 |  -1.00401597393 |  -1.00801081063 |
|         14.3125 |  -0.00384540642244 |  -1.00432786769 |  -1.00817327411 |
|   14.3333333333 |  -0.00368836052134 |   -1.0046347077 |  -1.00832306822 |
|   14.3541666667 |  -0.00352401001463 |  -1.00493342526 |  -1.00845743527 |
|          14.375 |   -0.0033526803899 |  -1.00522092375 |  -1.00857360414 |
|   14.3958333333 |  -0.00317471095654 |  -1.00549411204 |    -1.008668823 |
|   14.4166666667 |  -0.00299045417373 |  -1.00574993826 |  -1.00874039244 |
|         14.4375 |  -0.00280027495242 |  -1.00598542333 |  -1.00878569829 |
|   14.4583333333 |  -0.00260454993263 |  -1.00619769414 |  -1.00880224407 |
|   14.4791666667 |  -0.00240366673756 |  -1.00638401577 |  -1.00878768251 |
|            14.5 |   -0.0021980232059 |  -1.00654182265 |  -1.00873984586 |
|   14.5208333333 |  -0.00198802660393 |  -1.00666874804 |  -1.00865677465 |
|   14.5416666667 |  -0.00177409281897 |  -1.00676265175 |  -1.00853674457 |
|         14.5625 |  -0.00155664553572 |  -1.00682164563 |  -1.00837829117 |
|   14.5833333333 |  -0.00133611539719 |   -1.0068441166 |    -1.008180232 |
|   14.6041666667 |  -0.00111293915181 |  -1.00682874699 |  -1.00794168614 |
|          14.625 | -0.000887558788485 |   -1.0067745319 |  -1.00766209069 |
|   14.6458333333 | -0.000660420661281 |  -1.00668079345 |  -1.00734121411 |
|   14.6666666667 | -0.000431974605406 |  -1.00654719167 |  -1.00697916627 |
|         14.6875 | -0.000202673046358 |  -1.00637373196 |  -1.00657640501 |
|   14.7083333333 |                0.0 |  -1.00616076907 |  -1.00616076907 |
|   14.7291666667 |                0.0 |  -1.00590900742 |  -1.00590900742 |
|           14.75 |                0.0 |  -1.00561949785 |  -1.00561949785 |
|   14.7708333333 |                0.0 |  -1.00529363077 |  -1.00529363077 |
|   14.7916666667 |                0.0 |  -1.00493312588 |  -1.00493312588 |
|         14.8125 |                0.0 |  -1.00454001829 |  -1.00454001829 |
|   14.8333333333 |                0.0 |  -1.00411664158 |  -1.00411664158 |
|   14.8541666667 |                0.0 |  -1.00366560756 |  -1.00366560756 |
|          14.875 |                0.0 |  -1.00318978326 |  -1.00318978326 |
|   14.8958333333 |                0.0 |  -1.00269226519 |  -1.00269226519 |
|   14.9166666667 |                0.0 |  -1.00217635119 |  -1.00217635119 |
|         14.9375 |                0.0 |  -1.00164551024 |  -1.00164551024 |
|   14.9583333333 |                0.0 |  -1.00110335042 |  -1.00110335042 |
|   14.9791666667 |                0.0 |  -1.00055358543 |  -1.00055358543 |
|            15.0 |                0.0 |            -1.0 |            -1.0 |
|   15.0208333333 |                0.0 | -0.999446414572 | -0.999446414572 |
|   15.0416666667 |                0.0 | -0.998896649581 | -0.998896649581 |
|         15.0625 |                0.0 | -0.998354489763 | -0.998354489763 |
|   15.0833333333 |                0.0 | -0.997823648815 | -0.997823648815 |
|   15.1041666667 |                0.0 | -0.997307734813 | -0.997307734813 |
|          15.125 |                0.0 | -0.996810216736 | -0.996810216736 |
|   15.1458333333 |                0.0 | -0.996334392438 | -0.996334392438 |
|   15.1666666667 |                0.0 |  -0.99588335842 |  -0.99588335842 |
|         15.1875 |                0.0 | -0.995459981707 | -0.995459981707 |
|   15.2083333333 |                0.0 | -0.995066874123 | -0.995066874123 |
|   15.2291666667 |                0.0 | -0.994706369225 | -0.994706369225 |
|           15.25 |                0.0 | -0.994380502154 | -0.994380502154 |
|   15.2708333333 |                0.0 | -0.994090992578 | -0.994090992578 |
|   15.2916666667 |                0.0 | -0.993839230926 | -0.993839230926 |
|         15.3125 |                0.0 | -0.993626268039 | -0.993626268039 |
|   15.3333333333 |                0.0 | -0.993452808332 | -0.993452808332 |
|   15.3541666667 |                0.0 | -0.993319206547 | -0.993319206547 |
|          15.375 |                0.0 | -0.993225468099 | -0.993225468099 |
|   15.3958333333 |                0.0 | -0.993171253013 | -0.993171253013 |
|   15.4166666667 |                0.0 |   -0.9931558834 |   -0.9931558834 |
|         15.4375 |                0.0 | -0.993178354368 | -0.993178354368 |
|   15.4583333333 |                0.0 | -0.993237348245 | -0.993237348245 |
|   15.4791666667 |                0.0 | -0.993331251958 | -0.993331251958 |
|            15.5 |                0.0 |  -0.99345817735 |  -0.99345817735 |
|   15.5208333333 |                0.0 | -0.993615984229 | -0.993615984229 |
|   15.5416666667 |                0.0 | -0.993802305863 | -0.993802305863 |
|         15.5625 |                0.0 | -0.994014576665 | -0.994014576665 |
|   15.5833333333 |                0.0 | -0.994250061738 | -0.994250061738 |
|   15.6041666667 |                0.0 | -0.994505887957 | -0.994505887957 |
|          15.625 |                0.0 | -0.994779076254 | -0.994779076254 |
|   15.6458333333 |                0.0 |  -0.99506657474 |  -0.99506657474 |
|   15.6666666667 |                0.0 | -0.995365292303 | -0.995365292303 |
|         15.6875 |                0.0 | -0.995672132313 | -0.995672132313 |
|   15.7083333333 |                0.0 | -0.995984026066 | -0.995984026066 |
|   15.7291666667 |                0.0 | -0.996297965605 | -0.996297965605 |
|           15.75 |                0.0 |  -0.99661103555 |  -0.99661103555 |
|   15.7708333333 |                0.0 | -0.996920443607 | -0.996920443607 |
|   15.7916666667 |                0.0 | -0.997223549409 | -0.997223549409 |
|         15.8125 |                0.0 | -0.997517891392 | -0.997517891392 |
|   15.8333333333 |                0.0 | -0.997801211409 | -0.997801211409 |
|   15.8541666667 |                0.0 | -0.998071476821 | -0.998071476821 |
|          15.875 |                0.0 | -0.998326899828 | -0.998326899828 |
|   15.8958333333 |                0.0 | -0.998565953844 | -0.998565953844 |
|   15.9166666667 |                0.0 | -0.998787386736 | -0.998787386736 |
|         15.9375 |                0.0 | -0.998990230792 | -0.998990230792 |
|   15.9583333333 |                0.0 |  -0.99917380933 |  -0.99917380933 |
|   15.9791666667 |                0.0 | -0.999337739875 | -0.999337739875 |
|            16.0 |                0.0 | -0.999481933883 | -0.999481933883 |
|   16.0208333333 |                0.0 | -0.999606593033 | -0.999606593033 |
|   16.0416666667 |                0.0 | -0.999712202131 | -0.999712202131 |
|         16.0625 |                0.0 | -0.999799518732 | -0.999799518732 |
|   16.0833333333 |                0.0 | -0.999869559584 | -0.999869559584 |
|   16.1041666667 |                0.0 | -0.999923584087 | -0.999923584087 |
|          16.125 |                0.0 | -0.999963074936 | -0.999963074936 |
|   16.1458333333 |                0.0 |  -0.99998971619 |  -0.99998971619 |
|   16.1666666667 |                0.0 |  -1.00000536902 |  -1.00000536902 |
|         16.1875 | -0.000121623833887 |  -1.00001204541 |  -1.00013366924 |
|   16.2083333333 |   -0.0003511189722 |  -1.00001188015 |  -1.00036299912 |
|   16.2291666667 | -0.000579918737703 |  -1.00000710136 |  -1.00058702009 |
|           16.25 | -0.000807570004396 |            -1.0 |     -1.00080757 |
|   16.2708333333 |  -0.00103362192082 | -0.999992898645 |  -1.00102652057 |
|   16.2916666667 |  -0.00125762680294 | -0.999988119853 |  -1.00124574666 |
|         16.3125 |  -0.00147914102079 | -0.999987954589 |  -1.00146709561 |
|   16.3333333333 |  -0.00169772587699 | -0.999994630982 |  -1.00169235686 |
|   16.3541666667 |  -0.00191294847566 |  -1.00001028381 |  -1.00192323229 |
|          16.375 |  -0.00212438257965 |  -1.00003692506 |  -1.00216130764 |
|   16.3958333333 |  -0.00233160945475 |  -1.00007641591 |  -1.00240802537 |
|   16.4166666667 |  -0.00253421869895 |  -1.00013044042 |  -1.00266465912 |
|         16.4375 |   -0.0027318090552 |  -1.00020048127 |  -1.00293229032 |
|   16.4583333333 |  -0.00292398920612 |  -1.00028779787 |  -1.00321178707 |
|   16.4791666667 |  -0.00311037854894 |  -1.00039340697 |  -1.00350378552 |
|            16.5 |  -0.00329060794928 |  -1.00051806612 |  -1.00380867407 |
|   16.5208333333 |  -0.00346432047223 |  -1.00066226012 |   -1.0041265806 |
|   16.5416666667 |  -0.00363117208918 |  -1.00082619067 |  -1.00445736276 |
|         16.5625 |  -0.00379083235923 |  -1.00100976921 |  -1.00480060157 |
|   16.5833333333 |  -0.00394298508352 |  -1.00121261326 |  -1.00515559835 |
|   16.6041666667 |  -0.00408732893153 |  -1.00143404616 |  -1.00552137509 |
|          16.625 |  -0.00422357803779 |  -1.00167310017 |  -1.00589667821 |
|   16.6458333333 |  -0.00435146256806 |  -1.00192852318 |  -1.00627998575 |
|   16.6666666667 |  -0.00447072925369 |  -1.00219878859 |  -1.00666951784 |
|         16.6875 |  -0.00458114189324 |  -1.00248210861 |   -1.0070632505 |
|   16.7083333333 |  -0.00468248182023 |  -1.00277645059 |  -1.00745893241 |
|   16.7291666667 |  -0.00477454833622 |  -1.00307955639 |  -1.00785410473 |
|           16.75 |  -0.00485715910829 |  -1.00338896445 |  -1.00824612356 |
|   16.7708333333 |   -0.0049301505301 |   -1.0037020344 |  -1.00863218493 |
|   16.7916666667 |  -0.00499337804595 |  -1.00401597393 |  -1.00900935198 |
|         16.8125 |  -0.00504671643704 |  -1.00432786769 |  -1.00937458412 |
|   16.8333333333 |  -0.00509006006948 |   -1.0046347077 |  -1.00972476777 |
|   16.8541666667 |  -0.00512332310345 |  -1.00493342526 |  -1.01005674836 |
|          16.875 |  -0.00514643966327 |  -1.00522092375 |  -1.01036736341 |
|   16.8958333333 |  -0.00515936396778 |  -1.00549411204 |  -1.01065347601 |
|   16.9166666667 |  -0.00516207042107 |  -1.00574993826 |  -1.01091200868 |
|         16.9375 |  -0.00515455366316 |  -1.00598542333 |    -1.011139977 |
|   16.9583333333 |  -0.00513682858059 |  -1.00619769414 |  -1.01133452272 |
|   16.9791666667 |  -0.00510893027696 |  -1.00638401577 |  -1.01149294605 |
|            17.0 |  -0.00507091400341 |  -1.00654182265 |  -1.01161273665 |
|   17.0208333333 |  -0.00502285504919 |  -1.00666874804 |  -1.01169160309 |
|   17.0416666667 |  -0.00496484859254 |  -1.00676265175 |  -1.01172750035 |
|         17.0625 |  -0.00489700951224 |  -1.00682164563 |  -1.01171865514 |
|   17.0833333333 |  -0.00481947216003 |   -1.0068441166 |  -1.01166358876 |
|   17.1041666667 |   -0.0047323900946 |  -1.00682874699 |  -1.01156113708 |
|          17.125 |  -0.00463593577744 |   -1.0067745319 |  -1.01141046768 |
|   17.1458333333 |  -0.00453030023129 |  -1.00668079345 |  -1.01121109368 |
|   17.1666666667 |  -0.00441569266184 |  -1.00654719167 |  -1.01096288433 |
|         17.1875 |  -0.00429234004341 |  -1.00637373196 |    -1.010666072 |
|   17.2083333333 |  -0.00406593873021 |  -1.00616076907 |   -1.0102267078 |
|   17.2291666667 |  -0.00383133926203 |  -1.00590900742 |  -1.00974034668 |
|           17.25 |   -0.0035888605394 |  -1.00561949785 |  -1.00920835839 |
|   17.2708333333 |  -0.00333883719519 |  -1.00529363077 |  -1.00863246797 |
|   17.2916666667 |  -0.00308161899569 |  -1.00493312588 |  -1.00801474487 |
|         17.3125 |   -0.0028175702117 |  -1.00454001829 |   -1.0073575885 |
|   17.3333333333 |   -0.0025470689608 |  -1.00411664158 |  -1.00666371054 |
|   17.3541666667 |  -0.00227050652203 |  -1.00366560756 |  -1.00593611408 |
|          17.375 |   -0.0019882866243 |  -1.00318978326 |  -1.00517806989 |
|   17.3958333333 |  -0.00170082471001 |  -1.00269226519 |   -1.0043930899 |
|   17.4166666667 |  -0.00140854717521 |  -1.00217635119 |  -1.00358489836 |
|         17.4375 |  -0.00111189058785 |  -1.00164551024 |  -1.00275740082 |
|   17.4583333333 | -0.000811300885563 |  -1.00110335042 |   -1.0019146513 |
|   17.4791666667 | -0.000507232554625 |  -1.00055358543 |  -1.00106081798 |
|            17.5 | -0.000200147791619 |            -1.0 |  -1.00020014779 |
|   17.5208333333 |  0.000109484350504 | -0.999446414572 | -0.999336930221 |
|   17.5416666667 |  0.000421188830342 | -0.998896649581 | -0.998475460751 |
|         17.5625 |  0.000734485498233 | -0.998354489763 | -0.997620004265 |
|   17.5833333333 |     0.001048889987 | -0.997823648815 | -0.996774758828 |
|   17.6041666667 |   0.00136391461152 | -0.997307734813 | -0.995943820202 |
|          17.625 |   0.00167906927535 | -0.996810216736 | -0.995131147461 |
|   17.6458333333 |   0.00199386238266 | -0.996334392438 | -0.994340530055 |
|   17.6666666667 |   0.00209162482705 |  -0.99588335842 | -0.993791733593 |
|         17.6875 |    0.0021749548213 | -0.995459981707 | -0.993285026886 |
|   17.7083333333 |   0.00225733080848 | -0.995066874123 | -0.992809543314 |
|   17.7291666667 |   0.00233871665577 | -0.994706369225 |  -0.99236765257 |
|           17.75 |   0.00241907666463 | -0.994380502154 |  -0.99196142549 |
|   17.7708333333 |   0.00249837558652 | -0.994090992578 | -0.991592616992 |
|   17.7916666667 |    0.0025765786383 | -0.993839230926 | -0.991262652288 |
|         17.8125 |   0.00265365151754 | -0.993626268039 | -0.990972616521 |
|   17.8333333333 |   0.00272956041752 | -0.993452808332 | -0.990723247915 |
|   17.8541666667 |   0.00280427204208 | -0.993319206547 | -0.990514934505 |
|          17.875 |   0.00287775362025 | -0.993225468099 | -0.990347714478 |
|   17.8958333333 |   0.00294997292057 | -0.993171253013 | -0.990221280092 |
|   17.9166666667 |   0.00302089826526 |   -0.9931558834 | -0.990134985135 |
|         17.9375 |   0.00309049854414 | -0.993178354368 | -0.990087855824 |
|   17.9583333333 |   0.00315874322821 | -0.993237348245 | -0.990078605017 |
|   17.9791666667 |   0.00322560238311 | -0.993331251958 | -0.990105649575 |
|            18.0 |   0.00329104668219 |  -0.99345817735 | -0.990167130668 |
|   18.0208333333 |   0.00335504741943 | -0.993615984229 | -0.990260936809 |
|   18.0416666667 |   0.00341757652198 | -0.993802305863 | -0.990384729341 |
|         18.0625 |   0.00347860656252 | -0.994014576665 | -0.990535970103 |
|   18.0833333333 |   0.00353811077125 | -0.994250061738 | -0.990711950967 |
|   18.1041666667 |   0.00359606304767 | -0.994505887957 | -0.990909824909 |
|          18.125 |   0.00365243797197 | -0.994779076254 | -0.991126638282 |
|   18.1458333333 |   0.00370721081627 |  -0.99506657474 | -0.991359363924 |
|   18.1666666667 |   0.00376035755539 | -0.995365292303 | -0.991604934748 |
|         18.1875 |   0.00381185487739 | -0.995672132313 | -0.991860277436 |
|   18.2083333333 |   0.00386168019387 | -0.995984026066 | -0.992122345872 |
|   18.2291666667 |   0.00390981164978 | -0.996297965605 | -0.992388153955 |
|           18.25 |   0.00395622813308 |  -0.99661103555 | -0.992654807417 |
|   18.2708333333 |   0.00400090928397 | -0.996920443607 | -0.992919534323 |
|   18.2916666667 |   0.00404383550381 | -0.997223549409 | -0.993179713905 |
|         18.3125 |   0.00408498796376 | -0.997517891392 | -0.993432903428 |
|   18.3333333333 |   0.00412434861297 | -0.997801211409 | -0.993676862796 |
|   18.3541666667 |   0.00416190018657 | -0.998071476821 | -0.993909576634 |
|          18.375 |   0.00419762621319 | -0.998326899828 | -0.994129273615 |
|   18.3958333333 |   0.00423151102223 | -0.998565953844 | -0.994334442822 |
|   18.4166666667 |   0.00426353975068 | -0.998787386736 | -0.994523846985 |
|         18.4375 |   0.00429369834968 | -0.998990230792 | -0.994696532442 |
|   18.4583333333 |   0.00432197359068 |  -0.99917380933 | -0.994851835739 |
|   18.4791666667 |   0.00434835307122 | -0.999337739875 | -0.994989386804 |
|            18.5 |   0.00437282522038 | -0.999481933883 | -0.995109108663 |
|   18.5208333333 |   0.00439537930389 | -0.999606593033 | -0.995211213729 |
|   18.5416666667 |   0.00441600542876 | -0.999712202131 | -0.995296196703 |
|         18.5625 |    0.0044346945477 | -0.999799518732 | -0.995364824184 |
|   18.5833333333 |   0.00445143846304 | -0.999869559584 | -0.995418121121 |
|   18.6041666667 |   0.00446622983035 | -0.999923584087 | -0.995457354257 |
|          18.625 |   0.00447906216165 | -0.999963074936 | -0.995484012774 |
|   18.6458333333 |   0.00448992982825 |  -0.99998971619 | -0.995499786361 |
|   18.6666666667 |   0.00449882806323 |  -1.00000536902 | -0.995506540955 |
|         18.6875 |   0.00450575296354 |  -1.00001204541 | -0.995506292447 |
|   18.7083333333 |   0.00451070149168 |  -1.00001188015 | -0.995501178655 |
|   18.7291666667 |   0.00451367147706 |  -1.00000710136 | -0.995493429878 |
|           18.75 |   0.00451466161696 |            -1.0 | -0.995485338383 |
|   18.7708333333 |   0.00451367147706 | -0.999992898645 | -0.995479227168 |
|   18.7916666667 |   0.00451070149168 | -0.999988119853 | -0.995477418362 |
|         18.8125 |   0.00450575296354 | -0.999987954589 | -0.995482201626 |
|   18.8333333333 |   0.00449882806323 | -0.999994630982 | -0.995495802919 |
|   18.8541666667 |   0.00448992982825 |  -1.00001028381 | -0.995520353982 |
|          18.875 |   0.00447906216165 |  -1.00003692506 | -0.995557862902 |
|   18.8958333333 |   0.00446622983035 |  -1.00007641591 | -0.995610186083 |
|   18.9166666667 |   0.00445143846304 |  -1.00013044042 | -0.995679001953 |
|         18.9375 |    0.0044346945477 |  -1.00020048127 | -0.995765786721 |
|   18.9583333333 |   0.00441600542876 |  -1.00028779787 |  -0.99587179244 |
|   18.9791666667 |   0.00439537930389 |  -1.00039340697 | -0.995998027663 |
|            19.0 |   0.00437282522038 |  -1.00051806612 | -0.996145240896 |
|   19.0208333333 |   0.00434835307122 |  -1.00066226012 | -0.996313907054 |
|   19.0416666667 |   0.00432197359068 |  -1.00082619067 | -0.996504217079 |
|         19.0625 |   0.00429369834968 |  -1.00100976921 | -0.996716070859 |
|   19.0833333333 |   0.00426353975068 |  -1.00121261326 | -0.996949073514 |
|   19.1041666667 |   0.00423151102223 |  -1.00143404616 | -0.997202535134 |
|          19.125 |   0.00411653948907 |  -1.00167310017 | -0.997556560683 |
|   19.1458333333 |   0.00385124276624 |  -1.00192852318 | -0.998077280413 |
|   19.1666666667 |   0.00358473573726 |  -1.00219878859 | -0.998614052854 |
|         19.1875 |   0.00331748830782 |  -1.00248210861 |   -0.9991646203 |
|   19.2083333333 |   0.00304996906068 |  -1.00277645059 |  -0.99972648153 |
|   19.2291666667 |   0.00278264435428 |  -1.00307955639 |  -1.00029691204 |
|           19.25 |   0.00251597742699 |  -1.00338896445 |  -1.00087298702 |
|   19.2708333333 |   0.00225042750869 |   -1.0037020344 |  -1.00145160689 |
|   19.2916666667 |   0.00198644894151 |  -1.00401597393 |  -1.00202952499 |
|         19.3125 |   0.00172449031144 |  -1.00432786769 |  -1.00260337738 |
|   19.3333333333 |   0.00146499359249 |   -1.0046347077 |   -1.0031697141 |
|   19.3541666667 |   0.00120839330502 |  -1.00493342526 |  -1.00372503195 |
|          19.375 |  0.000955115690111 |  -1.00522092375 |  -1.00426580806 |
|   19.3958333333 |  0.000705577901271 |  -1.00549411204 |  -1.00478853414 |
|   19.4166666667 |  0.000460187215386 |  -1.00574993826 |  -1.00528975105 |
|         19.4375 |  0.000219340264233 |  -1.00598542333 |  -1.00576608307 |
|   19.4583333333 | -1.65777118336e-05 |  -1.00619769414 |  -1.00621427185 |
|   19.4791666667 | -0.000247193586587 |  -1.00638401577 |  -1.00663120936 |
|            19.5 | -0.000472147045611 |  -1.00654182265 |   -1.0070139697 |
|   19.5208333333 | -0.000691091257597 |  -1.00666874804 |   -1.0073598393 |
|   19.5416666667 | -0.000903693517944 |  -1.00676265175 |  -1.00766634527 |
|         19.5625 |   -0.0011096358634 |  -1.00682164563 |   -1.0079312815 |
|   19.5833333333 |  -0.00130861565655 |   -1.0068441166 |  -1.00815273226 |
|   19.6041666667 |  -0.00150034613903 |  -1.00682874699 |  -1.00832909313 |
|          19.625 |  -0.00168455695237 |   -1.0067745319 |  -1.00845908885 |
|   19.6458333333 |  -0.00186099462546 |  -1.00668079345 |  -1.00854178808 |
|   19.6666666667 |  -0.00202942302765 |  -1.00654719167 |   -1.0085766147 |
|         19.6875 |  -0.00218962378679 |  -1.00637373196 |  -1.00856335575 |
|   19.7083333333 |  -0.00234139667107 |  -1.00616076907 |  -1.00850216574 |
|   19.7291666667 |  -0.00248455993434 |  -1.00590900742 |  -1.00839356736 |
|           19.75 |  -0.00261895062383 |  -1.00561949785 |  -1.00823844847 |
|   19.7708333333 |  -0.00274442485005 |  -1.00529363077 |  -1.00803805562 |
|   19.7916666667 |  -0.00286085801808 |  -1.00493312588 |   -1.0077939839 |
|         19.8125 |  -0.00296814502001 |  -1.00454001829 |  -1.00750816331 |
|   19.8333333333 |  -0.00306620038805 |  -1.00411664158 |  -1.00718284197 |
|   19.8541666667 |  -0.00315495840807 |  -1.00366560756 |  -1.00682056597 |
|          19.875 |  -0.00323437319341 |  -1.00318978326 |  -1.00642415646 |
|   19.8958333333 |  -0.00330441871876 |  -1.00269226519 |  -1.00599668391 |
|   19.9166666667 |  -0.00336508881415 |  -1.00217635119 |     -1.00554144 |
|         19.9375 |  -0.00341639711901 |  -1.00164551024 |  -1.00506190736 |
|   19.9583333333 |  -0.00345837699649 |  -1.00110335042 |  -1.00456172742 |
|   19.9791666667 |  -0.00349108140817 |  -1.00055358543 |  -1.00404466684 |
