|        Time |     Flux |
| 0.000854492 | 0.976256 |
|  0.00946045 |  0.98995 |
|   0.0180664 | 0.986733 |
|   0.0266724 | 0.990272 |
|   0.0355225 | 0.986647 |
|   0.0441284 | 0.997214 |
|   0.0524902 | 0.979012 |
|   0.0614014 | 0.993623 |
|   0.0700073 | 0.984498 |
|   0.0786133 |  0.98235 |
|   0.0872192 | 0.989443 |
|   0.0958252 |  0.97284 |
|    0.104431 |   0.9938 |
|    0.113037 | 0.993506 |
|    0.121643 | 0.988798 |
|    0.130249 | 0.994641 |
|     0.13916 | 0.980712 |
|    0.147766 | 0.998686 |
|    0.156433 | 0.989205 |
|    0.165039 | 0.984186 |
|    0.173645 | 0.990259 |
|    0.182251 |  1.00069 |
|    0.190857 | 0.997703 |
|    0.199463 | 0.974382 |
|    0.208069 | 0.992182 |
|     0.21698 | 0.983852 |
|    0.225281 | 0.990234 |
|    0.234192 |  0.99094 |
|    0.251404 | 0.984366 |
|    0.268616 |   0.9897 |
|    0.277222 |  1.00351 |
|    0.285828 | 0.995009 |
|    0.294434 | 0.995338 |
|     0.30304 | 0.995046 |
|    0.311951 |  0.99712 |
|    0.320557 | 0.991369 |
|    0.329163 | 0.997983 |
|    0.337769 | 0.996471 |
|    0.380798 |  1.01024 |
|    0.389709 | 0.999233 |
|     0.39801 | 0.997765 |
|    0.406982 |  1.00652 |
|    0.415588 |  1.00943 |
|    0.424194 |  1.00501 |
|      0.4328 |  1.00013 |
|    0.441406 | 0.998662 |
|    0.450012 |  1.00006 |
|    0.467529 |  1.00139 |
|    0.484741 |  1.00667 |
|    0.510559 | 0.997424 |
|    0.519165 |  1.00752 |
|    0.527771 | 0.989566 |
|    0.536377 |  1.00015 |
|    0.553589 | 0.998007 |
|      0.5625 | 0.999026 |
|    0.571106 |  1.01216 |
|    0.579712 |   0.9957 |
|    0.588318 |   1.0028 |
|    0.596924 |  1.00467 |
|     0.60553 |  1.00592 |
|    0.614136 | 0.994777 |
|    0.622742 |  1.00582 |
|    0.631348 |  1.00385 |
|    0.666138 |  1.01767 |
|    0.674744 |  1.00934 |
|     0.68335 |  1.01101 |
|    0.691956 |  1.00906 |
|    0.700562 | 0.999596 |
|    0.709167 |  1.00983 |
|    0.718079 |  1.00645 |
|    0.726379 |  1.00354 |
|    0.735291 | 0.996551 |
|    0.743896 | 0.990322 |
|    0.752502 |  1.01154 |
|    0.769714 | 0.992497 |
|     0.77832 | 0.995421 |
|    0.786926 |  1.00208 |
|    0.795532 |   1.0029 |
|    0.804138 |   1.0034 |
|    0.813049 | 0.999536 |
|     0.82135 |  1.00839 |
|    0.830261 |  1.01078 |
|    0.838867 |  1.00727 |
|    0.847473 | 0.999538 |
|    0.881897 |  0.98864 |
|    0.890808 |  1.00252 |
|    0.899109 |  1.01184 |
|    0.908081 |  1.00629 |
|    0.916687 | 0.997807 |
|    0.925293 |  1.00276 |
|    0.933899 |  1.00509 |
|    0.942505 | 0.996517 |
|    0.951111 |  1.00726 |
|    0.959717 |  1.00294 |
|    0.968323 |  1.01726 |
|     0.98584 | 0.997096 |
|    0.994141 |  1.00315 |
|     1.00305 |  1.01573 |
|     1.01166 |  1.01109 |
|     1.02026 | 0.998203 |
|     1.02887 | 0.999691 |
|     1.03748 |  1.00741 |
|     1.04608 |  1.01912 |
|     1.05469 |  1.01599 |
|      1.0636 |   1.0013 |
|      1.0719 |  1.02048 |
|     1.08081 |  1.01916 |
|     1.09802 |  1.00344 |
|     1.10663 | 0.993833 |
|     1.11523 |  1.00017 |
|     1.12384 |  1.01335 |
|     1.15863 |  1.01424 |
|     1.16699 |  1.01553 |
|     1.17584 |  1.00761 |
|     1.18445 |  1.01476 |
|     1.19305 |  1.01916 |
|     1.20166 |  1.01934 |
|     1.21027 |   1.0071 |
|     1.21887 |   1.0088 |
|     1.22748 |  1.00912 |
|     1.24475 |  1.00414 |
|      1.2536 |  1.02716 |
|     1.26221 |  1.01329 |
|     1.28802 |  1.00909 |
|     1.29663 |  1.00941 |
|     1.30524 |   1.0123 |
|     1.31384 |  1.01388 |
|     1.32251 |  1.00702 |
|     1.33136 |  1.01736 |
|     1.33997 |  1.00212 |
|     1.34857 |   1.0114 |
|     1.35718 |  1.01042 |
|     1.36578 |  1.00562 |
|       1.383 |  1.02101 |
|      1.3916 |  1.02171 |
|     1.40027 |  1.00175 |
|     1.40918 |  1.00798 |
|     1.41754 |  1.01977 |
|     1.42639 |  1.00376 |
|       1.435 |  1.01341 |
|      1.4436 |  1.01992 |
|     1.45221 |   1.0265 |
|     1.46082 |  1.01741 |
|     1.46948 |  1.00073 |
|     1.50415 |  1.01028 |
|     1.51251 |  1.00874 |
|     1.52136 |  1.03276 |
|     1.52997 |  1.01783 |
|     1.53857 |  1.02183 |
|     1.54718 |  1.00391 |
|     1.55585 |  1.00977 |
|     1.56445 |  1.02133 |
|     1.57306 |  1.00723 |
|     1.58191 |  1.00819 |
|     1.61633 |  1.00994 |
|     1.62494 |  1.02376 |
|     1.63361 |  1.02388 |
|     1.64221 |  1.01291 |
|     1.65082 |  1.00843 |
|     1.65948 |  1.01541 |
|     1.66809 |  1.01645 |
|     1.69415 |  1.01634 |
|     1.70282 |  1.01246 |
|     1.72003 |  1.00705 |
|     1.72864 |  1.02103 |
|     1.73724 |  1.01352 |
|      1.7547 |  1.02891 |
|     1.76306 |  1.02229 |
|     1.77191 |  1.01737 |
|     1.78052 |  1.02129 |
|     1.78918 |  1.01398 |
|     1.79779 |  1.01618 |
|      1.8064 |  1.00825 |
|       1.815 |  1.01481 |
|     1.82361 |     1.01 |
|     1.83221 |  1.02194 |
|     1.84082 |  1.01015 |
|     1.84967 |  1.01652 |
|     1.85803 |  1.01496 |
|     1.86694 |  1.00936 |
|     1.87555 |  1.02179 |
|     1.88416 |  1.02049 |
|     1.89276 |  1.03202 |
|     1.90137 |  1.01652 |
|     1.91003 |  1.01749 |
|     1.91864 |  1.02491 |
|     1.92749 |  1.01331 |
|     1.93585 |  1.01508 |
|     1.94476 |  1.02418 |
|     1.95337 |  1.01791 |
|     1.96198 |  1.02325 |
|     1.97058 |  1.01041 |
|     1.97919 |  1.02135 |
|     1.98779 |  1.00822 |
|      1.9964 |  1.02705 |
|     2.00525 |   1.0188 |
|     2.01361 |  1.01804 |
|     2.02252 |  1.01922 |
|     2.03082 |  1.00415 |
|     2.03973 |  1.03093 |
|     2.04834 |  1.01545 |
|     2.05695 |  1.01479 |
|     2.06555 |   1.0163 |
|     2.07416 |  1.00672 |
|     2.08276 |  1.01428 |
|     2.09137 |  1.03018 |
|      2.1261 |  1.01987 |
|      2.1347 |  1.00701 |
|     2.14331 |   1.0151 |
|     2.15192 |   1.0238 |
|     2.16058 |  1.01886 |
|     2.16919 |  1.00985 |
|      2.1778 |  1.01405 |
|      2.1864 |  1.01838 |
|     2.19531 |  1.02341 |
|     2.20361 |  1.01131 |
|     2.21252 |  1.02115 |
|     2.22113 |  1.02578 |
|     2.22974 |  1.01617 |
|     2.23834 |   1.0197 |
|     2.24695 |  1.02055 |
|     2.25555 |  1.01904 |
|     2.26416 |  1.00981 |
|     2.27307 |  1.02523 |
|     2.28137 |  1.02341 |
|     2.29028 |   1.0198 |
|     2.29889 |  1.01612 |
|     2.32471 |  1.01229 |
|     2.33331 |  1.01467 |
|     2.34192 |  1.02449 |
|     2.35052 |  1.02239 |
|     2.35913 |   1.0128 |
|     2.36804 |  1.01965 |
|     2.39386 | 0.999764 |
|     2.41974 |  1.01559 |
|     2.42834 |  1.00854 |
|     2.47168 |  1.02522 |
|     2.48029 |  1.01868 |
|     2.48889 |  1.01871 |
|      2.4975 |  1.00937 |
|      2.5061 |  1.01433 |
|     2.53192 |  1.01796 |
|     2.54083 |  1.01284 |
|     2.54913 |  1.00845 |
|     2.55804 |   1.0294 |
|     2.56665 |  1.00866 |
|     2.57526 |  1.01157 |
|     2.58386 |  1.01171 |
|     2.59247 |  1.02287 |
|     2.60107 |  1.01514 |
|     2.60968 |   1.0074 |
|     2.61859 |   1.0062 |
|      2.6272 |  1.01522 |
|     2.67029 |  1.01429 |
|     2.69611 |  1.00055 |
|     2.70471 |  1.01164 |
|     2.71362 |  1.00751 |
|     2.72192 | 0.998453 |
|     2.73083 |  1.01392 |
|     2.73944 |  1.01204 |
|     2.74805 |  1.00705 |
|     2.75665 |  1.01699 |
|     2.76526 |  1.00384 |
|     2.77386 |  1.01149 |
|     2.78247 |  1.01093 |
|     2.79138 |  1.01284 |
|     2.79968 |  1.00409 |
|     2.80859 |  1.01543 |
|      2.8172 |  1.01458 |
|     2.82581 |      1.0 |
|     2.83441 |  1.01202 |
|     2.84302 |   1.0194 |
|     2.85162 |  1.01656 |
|     2.86023 |  1.00017 |
|     2.86884 | 0.995659 |
|     2.87744 |  1.01364 |
|     2.88635 |  1.00298 |
|     2.89496 |  1.01343 |
|     2.90363 |  1.03087 |
|     2.91223 |  1.01627 |
|     2.92084 |   1.0149 |
|     2.92944 |  1.01942 |
|     2.93805 |  1.00678 |
|     2.94666 |  1.00789 |
|     2.95526 |  1.03094 |
|     2.96417 |  1.01176 |
|     2.97253 |  1.00495 |
|     2.98138 |   1.0245 |
|     2.98999 |  1.01354 |
|      2.9986 |  1.00249 |
|      3.0072 |  1.01704 |
|     3.01581 |  1.01212 |
|     3.02441 |  1.01717 |
|     3.04163 |  1.01632 |
|     3.05029 |   1.0073 |
|     3.05914 |  1.01938 |
|     3.06775 |  1.00873 |
|     3.09357 |   1.0199 |
|     3.10217 |  1.01281 |
|     3.11078 |  1.00993 |
|     3.11945 |  1.01163 |
|     3.12805 |  1.00342 |
|     3.15417 |  1.00951 |
|     3.16278 |  1.00763 |
|     3.17139 |  1.01105 |
|     3.17999 |  1.00293 |
|      3.1972 |  1.01678 |
|     3.20587 |  1.01189 |
|     3.21448 |  1.01353 |
|     3.22308 |  1.02164 |
|     3.23193 |  1.01156 |
|     3.24054 |  1.00745 |
|     3.24915 |  1.00043 |
|     3.25775 |  1.00461 |
|     3.26636 |  1.02404 |
|     3.27496 |   0.9965 |
|     3.28363 |  1.00876 |
|     3.30969 |  1.02953 |
|      3.3183 |  1.00267 |
|      3.3269 |  1.00297 |
|     3.33551 |  1.01563 |
|     3.34412 |  1.00909 |
|     3.35278 |  1.00517 |
|     3.36139 |  1.00154 |
|        3.37 |  1.00505 |
|      3.3786 | 0.998108 |
|     3.38721 |  1.00792 |
|     3.39581 | 0.998511 |
|     3.40472 |   1.0137 |
|     3.41333 |  1.01187 |
|     3.42194 |  1.01243 |
|     3.43054 |  1.00792 |
|     3.43921 |  1.01732 |
|     3.44781 |  1.00258 |
|     3.45642 |  1.01123 |
|     3.47363 | 0.999275 |
|     3.48248 |  1.01812 |
|     3.49084 |  1.00082 |
|     3.49969 |  1.00827 |
|      3.5083 |  1.01435 |
|     3.51697 | 0.999365 |
|     3.52557 | 0.999353 |
|     3.53418 |  1.01836 |
|     3.54279 |  1.01665 |
|     3.55139 |  1.00447 |
|        3.56 |   1.0258 |
|     3.56885 | 0.999126 |
|     3.57745 |  1.00802 |
|     3.58612 |  1.00721 |
|     3.59473 |  1.00145 |
|     3.61194 |  1.01152 |
|     3.62054 | 0.997905 |
|     3.62915 |  1.00255 |
|     3.63776 |  1.00686 |
|     3.64636 |     1.01 |
|     3.65503 | 0.989454 |
|     3.66364 |  1.00981 |
|     3.67224 |  1.00369 |
|     3.68115 |  1.00446 |
|     3.68976 | 0.999296 |
|     3.69836 | 0.995917 |
|     3.70697 |    1.002 |
|     3.71558 |  1.00159 |
|     3.72418 |  1.00903 |
|     3.73279 | 0.995766 |
|     3.74139 | 0.997742 |
|        3.75 | 0.994386 |
|     3.75891 | 0.997319 |
|     3.76752 |  1.00241 |
|     3.77612 |  1.01163 |
|     3.78473 |  1.01002 |
|     3.79333 | 0.996673 |
|     3.80194 |  1.00398 |
|     3.81055 |  1.01407 |
|     3.81915 |  1.00496 |
|     3.82776 |  1.00153 |
|     3.83636 |  1.01203 |
|     3.84528 |  1.01671 |
|     3.85388 |  1.00777 |
|     3.86249 |  1.00128 |
|     3.87109 | 0.996378 |
|      3.8797 | 0.999407 |
|     3.88831 |   1.0146 |
|     3.89691 |  1.00714 |
|     3.90558 |  1.00037 |
|     3.91418 |  1.00001 |
|     3.92279 |   1.0251 |
|      3.9317 |  1.00212 |
|        3.94 |  1.00869 |
|     3.94891 | 0.995644 |
|     3.95752 |  1.00278 |
|     3.96613 |  1.00718 |
|     3.97473 |  1.00737 |
|     3.98334 | 0.995374 |
|     3.99194 |  1.01123 |
|     4.00055 |  1.00012 |
|     4.00916 |  1.00336 |
|     4.01776 | 0.990664 |
|     4.02667 |  1.00329 |
|     4.03528 |  1.01239 |
|     4.04388 |  1.00453 |
|     4.05249 |  1.01003 |
|      4.0611 |  1.00336 |
|     4.07831 |  1.00504 |
|     4.08691 |  1.00357 |
|     4.09552 |  0.98693 |
|     4.10443 |  1.00039 |
|     4.11273 | 0.991305 |
|     4.12164 |  1.00675 |
|     4.13025 |  1.01018 |
|     4.13885 |  1.00601 |
|     4.16473 |  0.99867 |
|     4.17334 |  1.00738 |
|     4.18195 | 0.994529 |
|     4.19086 |  1.01926 |
|     4.19946 | 0.994882 |
|     4.20807 |  1.00628 |
|     4.21667 |  1.00646 |
|     4.22528 |  1.00076 |
|     4.23389 | 0.991918 |
|     4.24249 |  1.00134 |
|      4.2511 |  1.00079 |
|      4.2597 |  1.00604 |
|     4.26831 | 0.997458 |
|     4.27722 | 0.997693 |
|     4.28552 |   1.0115 |
|     4.29443 | 0.999004 |
|     4.30304 |  1.00604 |
|     4.31165 | 0.994356 |
|     4.32025 |  1.01111 |
|     4.32886 | 0.996853 |
|     4.33746 | 0.996767 |
|     4.34607 | 0.997191 |
|     4.35468 | 0.998648 |
|     4.36328 | 0.987842 |
|     4.37219 |  1.00269 |
|      4.3808 |  1.01051 |
|      4.3894 | 0.996397 |
|     4.39801 |  1.00306 |
|     4.40668 |  1.00523 |
|     4.41528 | 0.990969 |
|     4.42389 | 0.995183 |
|      4.4325 |  1.00037 |
|      4.4411 | 0.998212 |
|     4.45001 | 0.992407 |
|     4.45831 | 0.992965 |
|     4.46722 | 0.998133 |
|     4.47583 | 0.995124 |
|     4.48444 |  1.00016 |
|     4.49304 |   1.0067 |
|     4.50165 | 0.991541 |
|     4.51025 | 0.993845 |
|     4.51886 |  1.00185 |
|     4.54498 |  1.01309 |
|     4.55359 | 0.997601 |
|     4.56219 | 0.989021 |
|      4.5708 | 0.998743 |
|     4.57941 | 0.993274 |
|     4.58801 | 0.995677 |
|     4.61383 | 0.997895 |
|     4.62274 |  1.00348 |
|      4.6311 |  1.00381 |
|     4.63995 | 0.994684 |
|     4.64856 | 0.990741 |
|     4.65723 |  1.00106 |
|     4.66583 | 0.991247 |
|     4.67444 | 0.997445 |
|     4.68304 |   1.0003 |
|     4.69165 | 0.999976 |
|     4.70032 |  1.00169 |
|     4.70892 |  1.01549 |
|     4.71777 |  1.00192 |
|     4.72638 |  1.00318 |
|     4.74359 |  0.99699 |
|      4.7522 | 0.990635 |
|      4.7608 | 0.989812 |
|     4.76947 |  1.00379 |
|     4.78668 |  0.98714 |
|     4.79553 | 0.992041 |
|     4.80389 |  0.99432 |
|     4.81274 | 0.997867 |
|     4.82135 | 0.997425 |
|     4.82996 |  1.00016 |
|     4.86444 | 0.999182 |
|     4.89911 | 0.994659 |
|     4.90778 |  0.99813 |
|     4.91638 | 0.989005 |
|     4.92499 |  1.00097 |
|     4.95947 | 0.993197 |
|     4.96832 | 0.984231 |
|     4.97668 | 0.989992 |
|     4.98553 | 0.997644 |
|     4.99414 |   0.9912 |
|     5.00281 | 0.981738 |
|     5.01141 | 0.991395 |
|     5.02002 | 0.986704 |
|     5.02863 | 0.987992 |
|     5.03723 | 0.994485 |
|     5.04584 |   0.9952 |
|     5.06329 | 0.987621 |
|      5.0719 |  1.00458 |
|     5.08051 | 0.992276 |
|     5.08917 | 0.986439 |
|     5.09778 | 0.998301 |
|     5.10638 | 0.997315 |
|     5.11499 | 0.999825 |
|     5.12384 | 0.996759 |
|      5.1322 | 0.997812 |
|     5.14105 | 0.992146 |
|     5.14941 | 0.985963 |
|     5.16699 | 0.985496 |
|      5.1756 | 0.986403 |
|      5.1842 | 0.983353 |
|     5.19281 | 0.992273 |
|     5.20142 |  0.99642 |
|     5.21002 | 0.990235 |
|     5.21887 | 0.994838 |
|     5.22723 | 0.992878 |
|     5.23615 | 0.992541 |
|     5.24475 | 0.995672 |
|     5.25336 | 0.995637 |
|     5.26196 | 0.985262 |
|     5.27057 | 0.998522 |
|     5.27917 | 0.987087 |
|     5.31384 |  1.00999 |
|     5.32251 | 0.995365 |
|     5.33112 | 0.984337 |
|     5.33972 | 0.988904 |
|     5.34833 |  1.00712 |
|     5.35693 | 0.977924 |
|     5.37415 |   0.9896 |
|     5.38275 | 0.995612 |
|     5.40894 | 0.994062 |
|     5.41754 | 0.981321 |
|     5.43475 | 0.983463 |
|     5.44336 | 0.980188 |
|     5.45197 | 0.984515 |
|     5.46057 | 0.981939 |
|     5.46918 |  1.00608 |
|     5.47778 | 0.978951 |
|     5.48669 | 0.979788 |
|       5.495 | 0.991346 |
|     5.51251 | 0.991416 |
|     5.52112 | 0.994582 |
|     5.52972 | 0.981793 |
|     5.53833 | 0.981759 |
|     5.54694 | 0.981969 |
|     5.55554 | 0.982464 |
|     5.56415 | 0.986785 |
|     5.57275 | 0.990577 |
|     5.58167 | 0.989873 |
|     5.59027 | 0.979717 |
|     5.59888 | 0.986962 |
|     5.60748 | 0.983184 |
|     5.61609 | 0.985089 |
|     5.62469 | 0.984688 |
|      5.6333 | 0.976946 |
|     5.64191 | 0.976377 |
|     5.65051 | 0.996056 |
|     5.65948 | 0.988281 |
|     5.66779 | 0.981243 |
|      5.6767 | 0.981855 |
|      5.6853 | 0.993397 |
|     5.71112 | 0.989606 |
|     5.71973 | 0.984184 |
|     5.72833 | 0.991175 |
|     5.73694 | 0.995706 |
|     5.74554 | 0.988644 |
|     5.75446 | 0.978834 |
|     5.76306 | 0.976634 |
|     5.77167 | 0.989818 |
|     5.78027 | 0.979911 |
|     5.78888 | 0.980034 |
|     5.79749 | 0.979836 |
|     5.80609 |  0.99029 |
|      5.8147 | 0.984882 |
|      5.8233 | 0.993115 |
|     5.83221 | 0.987123 |
|     5.84052 | 0.964102 |
|     5.84943 | 0.976401 |
|     5.85803 | 0.983171 |
|     5.86664 | 0.987363 |
|     5.87524 | 0.977656 |
|     5.88385 |  1.00472 |
|     5.89246 | 0.979457 |
|     5.90973 | 0.986158 |
|     5.91833 | 0.996679 |
|     5.92725 | 0.977751 |
|     5.95306 | 0.976602 |
|     5.96167 | 0.990508 |
|     5.97028 | 0.992732 |
|     5.97888 | 0.988043 |
|     5.98749 | 0.970903 |
|     5.99609 | 0.986155 |
|       6.005 | 0.990668 |
|     6.02222 | 0.999881 |
|     6.03082 | 0.978844 |
|     6.03943 | 0.988905 |
|     6.04803 | 0.980586 |
|     6.05664 | 0.991909 |
|     6.06525 | 0.972576 |
|     6.07385 | 0.987675 |
|     6.08276 | 0.984302 |
|     6.09106 | 0.976043 |
|     6.09998 | 0.991511 |
|     6.10858 | 0.973326 |
|     6.11719 | 0.983775 |
|     6.12579 | 0.983117 |
|      6.1344 |  0.98464 |
|     6.14301 | 0.994327 |
|     6.15161 | 0.980281 |
|      6.1778 | 0.980947 |
|     6.18616 | 0.971651 |
|     6.19501 | 0.985508 |
|     6.20361 | 0.972998 |
|     6.21222 | 0.981882 |
|     6.22083 | 0.979368 |
|     6.22943 | 0.983728 |
|     6.23804 | 0.995252 |
|     6.24664 | 0.974494 |
|     6.25555 | 0.983549 |
|     6.26416 | 0.975413 |
|     6.29858 | 0.981347 |
|     6.30719 | 0.982288 |
|      6.3158 | 0.988815 |
|      6.3244 |  0.96845 |
|     6.33301 | 0.981605 |
|     6.34161 | 0.977416 |
|     6.35052 | 0.975369 |
|     6.35889 | 0.988176 |
|     6.36774 | 0.981158 |
|     6.37634 | 0.983605 |
|     6.38495 | 0.986123 |
|     6.39355 | 0.981113 |
|     6.40216 | 0.978905 |
|     6.41113 | 0.976489 |
|     6.41949 | 0.984898 |
|     6.42834 |  0.98526 |
|     6.43695 | 0.969029 |
|     6.47137 | 0.974353 |
|     6.47998 | 0.981729 |
|     6.48859 | 0.987622 |
|     6.49719 | 0.979984 |
|     6.51447 | 0.964068 |
|     6.52332 | 0.975291 |
|     6.53192 | 0.984114 |
|     6.54053 | 0.982449 |
|     6.56635 | 0.980341 |
|     6.57495 | 0.981811 |
|     6.58362 | 0.986779 |
|     6.59222 | 0.985185 |
|     6.60107 |  1.00045 |
|     6.60944 | 0.985857 |
|     6.61829 | 0.996197 |
|     6.62689 | 0.967153 |
|      6.6355 | 0.991318 |
|      6.6441 | 0.990211 |
|     6.65277 | 0.977143 |
|     6.67004 |  0.97858 |
|     6.67865 | 0.980297 |
|     6.68726 | 0.974664 |
|     6.69611 | 0.986155 |
|     6.70471 |  0.98236 |
|     6.71332 |  0.97411 |
|     6.72192 | 0.992904 |
|     6.73053 | 0.981434 |
|      6.7392 | 0.976349 |
|      6.7478 | 0.978894 |
|     6.75641 | 0.968058 |
|     6.76501 |  0.97865 |
|     6.77386 | 0.974936 |
|     6.78223 | 0.980879 |
|     6.79108 | 0.984092 |
|     6.79968 |  0.98512 |
|     6.80829 | 0.973193 |
|     6.83417 | 0.978971 |
|     6.84277 |  0.97433 |
|     6.85162 | 0.990941 |
|     6.85999 | 0.986203 |
|     6.86884 | 0.972486 |
|     6.87744 | 0.978757 |
|     6.88611 | 0.965132 |
|     6.89471 | 0.982514 |
|     6.90338 | 0.976157 |
|     6.91199 | 0.970368 |
|     6.92059 | 0.976491 |
|      6.9292 | 0.981576 |
|     6.93781 | 0.973849 |
|     6.94666 | 0.980782 |
|     6.95502 | 0.974966 |
|     6.96387 | 0.975189 |
|     6.97253 | 0.977339 |
|     6.98114 | 0.980886 |
|     6.98975 | 0.984524 |
|     6.99835 | 0.968674 |
|     7.00696 | 0.981131 |
|     7.01556 | 0.976609 |
|     7.02441 | 0.975757 |
|     7.03278 | 0.984022 |
|     7.04163 |  0.98848 |
|     7.05029 | 0.984215 |
|      7.0589 | 0.976104 |
|      7.0675 | 0.976584 |
|     7.10193 | 0.981039 |
|     7.11053 | 0.989568 |
|     7.11945 | 0.981454 |
|     7.12775 | 0.981265 |
|     7.13666 | 0.986319 |
|     7.14526 | 0.979148 |
|     7.15393 | 0.989852 |
|     7.16254 |   0.9816 |
|     7.17114 | 0.974105 |
|     7.17975 |   0.9812 |
|     7.18835 |  1.00025 |
|      7.1972 | 0.981565 |
|     7.20557 | 0.978969 |
|     7.21448 | 0.987906 |
|     7.22308 | 0.971187 |
|     7.23169 | 0.981624 |
|      7.2403 | 0.981125 |
|      7.2489 | 0.984035 |
|     7.25751 | 0.980216 |
|     7.27472 | 0.982167 |
|     7.28333 | 0.971811 |
|     7.29224 | 0.969784 |
|     7.30054 |  0.98596 |
|     7.30945 | 0.986952 |
|     7.31805 | 0.979721 |
|     7.32666 | 0.977451 |
|     7.33527 | 0.981152 |
|     7.34387 | 0.976494 |
|     7.35248 | 0.983525 |
|     7.36108 | 0.985548 |
|        7.37 | 0.986292 |
|      7.3786 | 0.994891 |
|     7.38721 | 0.980227 |
|     7.39581 | 0.973413 |
|     7.40448 |  0.96906 |
|     7.41309 |  0.98135 |
|     7.42169 | 0.981591 |
|      7.4303 | 0.973505 |
|     7.45612 | 0.972481 |
|     7.46503 | 0.984304 |
|     7.47333 | 0.986104 |
|     7.49084 | 0.982563 |
|     7.49945 | 0.986791 |
|     7.50806 | 0.969322 |
|     7.51666 | 0.988607 |
|     7.52527 | 0.983935 |
|     7.53387 | 0.987707 |
|        7.56 | 0.995944 |
|      7.5686 |  0.98594 |
|     7.57721 | 0.962448 |
|     7.60303 | 0.980579 |
|     7.61163 | 0.990346 |
|     7.62054 | 0.981732 |
|     7.62885 | 0.977647 |
|     7.63776 | 0.989896 |
|     7.64636 | 0.981274 |
|     7.65503 | 0.981274 |
|     7.66364 | 0.977098 |
|     7.67224 | 0.982503 |
|     7.70667 | 0.985469 |
|     7.71558 | 0.988048 |
|     7.72388 |  1.00055 |
|     7.73279 | 0.988734 |
|     7.74139 | 0.992163 |
|        7.75 |  0.97874 |
|     7.75861 | 0.985074 |
|     7.76721 | 0.987114 |
|     7.77582 |  1.00371 |
|     7.78442 | 0.984237 |
|     7.79303 | 0.999135 |
|     7.81885 |  1.00702 |
|     7.82776 | 0.979952 |
|     7.83636 | 0.979324 |
|     7.84497 | 0.987956 |
|     7.85358 | 0.978428 |
|     7.87079 | 0.994416 |
|     7.87939 | 0.997177 |
|     7.88831 | 0.980619 |
|     7.89661 | 0.976273 |
|     7.90558 | 0.981506 |
|     7.91418 | 0.985911 |
|     7.92279 | 0.985296 |
|      7.9314 | 0.982862 |
|     7.94861 | 0.977716 |
|     7.95721 |   0.9966 |
|     7.96582 |  0.98638 |
|     7.97443 |   0.9881 |
|     7.98334 | 0.990889 |
|     7.99164 | 0.992049 |
|     8.00916 |  0.99559 |
|     8.01776 | 0.984368 |
|     8.02637 | 0.983979 |
|     8.03497 | 0.987321 |
|     8.04358 |  1.00063 |
|     8.05219 | 0.994465 |
|      8.0611 | 0.977429 |
|     8.06946 | 0.984053 |
|     8.07831 |  0.99675 |
|     8.08691 | 0.991714 |
|     8.09552 | 0.992028 |
|     8.10413 | 0.980329 |
|     8.11273 | 0.985206 |
|     8.13855 | 0.983185 |
|     8.14716 |  0.99016 |
|     8.15613 | 0.997852 |
|     8.16473 |  0.99139 |
|     8.17334 | 0.985942 |
|     8.19916 |  0.99587 |
|     8.20776 | 0.989857 |
|     8.21637 |  0.99659 |
|     8.22498 | 0.985127 |
|     8.23389 | 0.991965 |
|     8.24249 | 0.987472 |
|      8.2511 | 0.995044 |
|      8.2597 | 0.992052 |
|     8.26831 | 0.993146 |
|     8.27692 | 0.989283 |
|     8.28552 | 0.986893 |
|     8.29413 | 0.992657 |
|      8.3114 | 0.984474 |
|     8.32001 |  0.98759 |
|     8.32861 |  0.99119 |
|     8.33746 | 0.993318 |
|     8.36328 | 0.991137 |
|     8.38916 | 0.986602 |
|     8.39777 | 0.981395 |
|     8.40668 | 0.993024 |
|     8.41504 |  0.99723 |
|     8.42389 | 0.995925 |
|      8.4325 |  1.00089 |
|     8.44086 |  0.99043 |
|     8.44971 | 0.999754 |
|     8.45831 | 0.990079 |
|     8.46698 | 0.996612 |
|     8.47559 | 0.996141 |
|     8.48419 |  1.00101 |
|      8.5014 |  1.00375 |
|     8.51001 | 0.997375 |
|     8.51886 | 0.995162 |
|     8.52747 | 0.987433 |
|     8.53613 | 0.997839 |
|     8.54474 | 0.993663 |
|     8.55334 |  0.98587 |
|     8.56195 | 0.993348 |
|     8.57056 | 0.991762 |
|     8.57916 | 0.987744 |
|     8.58777 |  1.01415 |
|     8.59637 | 0.984282 |
|     8.60522 |  0.98962 |
|     8.61359 | 0.994792 |
|      8.6225 | 0.990951 |
|      8.6311 | 0.998142 |
|     8.63971 | 0.999958 |
|     8.66559 |   1.0011 |
|     8.67419 | 0.990678 |
|      8.6828 | 0.993373 |
|     8.69141 |  1.00295 |
|     8.70032 |  1.00439 |
|     8.70892 |  0.98981 |
|     8.71753 | 0.988307 |
|     8.72614 |  1.00225 |
|     8.73474 | 0.994786 |
|     8.74335 |  0.99284 |
|      8.7522 | 0.981904 |
|     8.76056 | 0.997486 |
|     8.76917 | 0.996547 |
|     8.77808 |  1.00985 |
|     8.78638 | 0.997476 |
|     8.79529 | 0.993157 |
|     8.80389 |  1.00088 |
|      8.8125 | 0.996095 |
|     8.82111 |  1.00691 |
|     8.82971 |  1.00014 |
|     8.83856 | 0.990561 |
|     8.84692 |  1.01456 |
|     8.85553 | 0.996274 |
|     8.86414 | 0.995133 |
|     8.87305 |  1.00566 |
|     8.88165 |  0.98585 |
|     8.89026 | 0.997139 |
|     8.89886 |  1.00367 |
|     8.90753 |  1.00784 |
|     8.91614 | 0.997124 |
|     8.92474 |  1.00035 |
|     8.93335 | 0.987982 |
|     8.94196 | 0.991092 |
|     8.95087 | 0.996781 |
|     8.95917 | 0.997342 |
|     8.96808 |  1.00151 |
|     8.97668 | 0.995687 |
|     8.98529 | 0.995547 |
|      8.9939 |  1.00462 |
|      9.0025 |  1.01574 |
|     9.01111 | 0.996622 |
|     9.01971 | 0.999953 |
|     9.02832 | 0.997972 |
|     9.03693 |  1.01137 |
|     9.04584 | 0.999478 |
|     9.05444 |  1.00717 |
|     9.06305 | 0.986502 |
|     9.07166 |  1.00534 |
|     9.08887 |  1.00051 |
|     9.09747 | 0.996941 |
|     9.10608 |  1.00661 |
|     9.11469 |  1.00084 |
|      9.1236 |  1.01048 |
|      9.1319 | 0.988279 |
|     9.14081 |  1.01043 |
|     9.14941 |  1.00704 |
|     9.15808 | 0.994758 |
|     9.16669 | 0.993896 |
|     9.17529 |  1.00099 |
|      9.1839 | 0.998648 |
|      9.1925 |  1.00944 |
|     9.20111 | 0.997824 |
|     9.20972 |  1.00361 |
|     9.21863 |  1.00681 |
|     9.22723 |  1.01336 |
|     9.23584 |  1.00419 |
|     9.24445 |  1.00113 |
|     9.25305 |  1.02624 |
|     9.26166 |  1.01432 |
|     9.27026 |  1.00849 |
|     9.27887 |  1.01804 |
|     9.28748 |  1.01018 |
|     9.29639 |  1.01505 |
|     9.30499 |  1.00216 |
|      9.3136 |  1.00562 |
|      9.3222 | 0.998962 |
|     9.33081 |   1.0025 |
|     9.33942 |  1.01154 |
|     9.34802 |  1.01274 |
|     9.35663 |  1.00349 |
|     9.36523 |  1.01232 |
|     9.37415 |  1.00829 |
|     9.38245 |  1.00233 |
|     9.39136 |  1.00258 |
|     9.39996 | 0.988555 |
|     9.40863 |  1.01421 |
|     9.41724 | 0.990395 |
|     9.42584 |  1.00566 |
|     9.43445 |   1.0133 |
|     9.44305 |  1.02076 |
|     9.45166 |  1.02033 |
|     9.48639 |  1.00729 |
|       9.495 |  1.01068 |
|      9.5036 |  1.01167 |
|     9.51221 |  1.01371 |
|     9.52081 |  1.00678 |
|     9.52972 |  1.02041 |
|     9.53802 |  0.99433 |
|     9.54663 |  1.01219 |
|     9.55524 |  1.02758 |
|     9.56415 |  1.00446 |
|     9.57275 |  1.00154 |
|     9.58136 | 0.998827 |
|     9.58997 |  1.00035 |
|     9.59857 |  1.00823 |
|     9.60718 |  1.01816 |
|     9.61578 |   1.0083 |
|     9.62439 |  1.01111 |
|       9.633 |  1.01579 |
|     9.64191 |  1.01318 |
|     9.65027 |  1.00013 |
|     9.65918 |  1.00514 |
|     9.66779 |  1.01448 |
|     9.67639 |  1.01294 |
|       9.685 |  1.01723 |
|      9.6936 |  1.01751 |
|     9.70221 |  1.01876 |
|     9.71082 |  1.00971 |
|     9.71948 |  1.00751 |
|     9.72809 |  1.01883 |
|     9.73694 |  1.01158 |
|     9.74554 |  1.00787 |
|     9.75415 |  1.00611 |
|     9.76276 |  1.01416 |
|     9.77136 |  1.01582 |
|     9.77997 |  1.00618 |
|     9.78857 |  1.00214 |
|     9.79718 |  1.00376 |
|     9.80585 |  1.01924 |
|      9.8147 |  1.02083 |
|     9.82306 |  1.00464 |
|     9.83191 |  1.02014 |
|     9.84052 |  1.02803 |
|     9.84912 |  1.01076 |
|     9.86633 |  1.01395 |
|     9.87524 |  1.02232 |
|     9.88361 |  1.00552 |
|     9.89246 |  1.01744 |
|     9.90973 |  1.01416 |
|     9.91833 |  1.01925 |
|     9.92694 |  1.03508 |
|     9.93555 |  1.01754 |
|     9.94415 |  1.00894 |
|     9.95282 |  1.01467 |
|     9.96143 |  1.01655 |
|     9.97003 |  1.00809 |
|     9.97888 |  1.00107 |
|     9.98749 |    1.011 |
|     9.99609 |  1.00384 |
|     10.0219 |  1.00675 |
|     10.0305 |  1.02881 |
|     10.0392 |  1.00835 |
|     10.0478 |  1.02242 |
|     10.0564 |  1.00914 |
|     10.0652 |  1.01421 |
|     10.0911 |  1.01319 |
|     10.0997 |  1.01691 |
|     10.1083 |  1.01216 |
|     10.1255 |  1.01491 |
|     10.1342 |  1.01574 |
|     10.1428 |  1.01964 |
|     10.1514 |  1.00503 |
|     10.1603 |  1.01954 |
|     10.1689 |  1.02125 |
|     10.1775 |  1.00831 |
|     10.1862 |  1.02031 |
|     10.1948 |  1.00469 |
|     10.2034 |  1.01847 |
|      10.212 |  1.02404 |
|     10.2206 |  1.02395 |
|     10.2292 |  1.02498 |
|      10.238 |  1.01487 |
|     10.2464 |   1.0277 |
|     10.2552 |  1.01763 |
|     10.2639 |  1.02389 |
|     10.2725 |  1.02515 |
|     10.2811 |  1.01672 |
|     10.2897 |  1.02644 |
|     10.2983 |  1.03396 |
|     10.3069 |   1.0114 |
|     10.3156 |  1.01763 |
|     10.3242 |  1.03165 |
|      10.333 |  1.02457 |
|     10.3416 |  0.99714 |
|     10.3503 |  1.01393 |
|     10.3589 |  1.00635 |
|     10.3675 |  1.00301 |
|     10.3761 |  1.00505 |
|     10.3847 |  1.01606 |
|     10.3933 |  1.02475 |
|     10.4022 |  1.00479 |
|     10.4108 |  1.02201 |
|     10.4192 |  1.00472 |
|     10.4281 |  1.01714 |
|     10.4367 |  1.02191 |
|     10.4539 |  1.01679 |
|     10.4625 |   1.0122 |
|     10.4711 |  1.03113 |
|     10.4797 |   1.0323 |
|     10.4883 |  1.00981 |
|     10.4969 |  1.01967 |
|     10.5059 |  1.01379 |
|     10.5145 |  1.02566 |
|     10.5231 |  1.01885 |
|     10.5317 |  1.02114 |
|     10.5403 |  1.02674 |
|     10.5489 |  1.01761 |
|     10.5575 |  1.01007 |
|     10.5661 |  1.02352 |
|     10.5747 |  1.02336 |
|     10.5836 |  1.02334 |
|     10.5919 |  1.02637 |
|     10.6008 |  1.01138 |
|     10.6094 |  1.03399 |
|      10.618 |  1.03044 |
|     10.6266 |  1.02601 |
|     10.6353 |  1.02336 |
|     10.6439 |  1.01903 |
|     10.6525 |  1.02234 |
|     10.6614 |  1.02079 |
|     10.6873 |  1.02463 |
|     10.6959 |  1.02598 |
|     10.7045 |  1.01795 |
|     10.7131 |  1.02718 |
|     10.7217 |  1.02076 |
|     10.7303 |  1.01646 |
|     10.7389 |  1.02672 |
|     10.7475 |  1.01959 |
|     10.7564 |  1.00977 |
|     10.7647 |  1.02033 |
|     10.7736 |   1.0251 |
|     10.7822 |  1.02452 |
|     10.7908 |  1.01365 |
|     10.7994 |  1.01268 |
|      10.808 |  1.01774 |
|     10.8167 |  1.02288 |
|     10.8253 |  1.01111 |
|     10.8339 |  1.04024 |
|     10.8425 |  1.02056 |
|     10.8514 |  1.04211 |
|       10.86 |  1.02597 |
|     10.8686 |  1.02547 |
|     10.8772 |  1.01654 |
|     10.8858 |  1.00967 |
|     10.8944 |  1.01481 |
|     10.9031 |  1.01874 |
|     10.9117 |  1.01546 |
|     10.9292 |   1.0165 |
|     10.9378 |  1.01881 |
|     10.9464 |  1.01953 |
|      10.955 |  1.01383 |
|     10.9636 |  1.01778 |
|     10.9894 |  1.00939 |
|      10.998 |  1.02455 |
|      11.007 |  1.02119 |
|     11.0153 |   1.0337 |
|     11.0242 |  1.02592 |
|     11.0328 |  1.01896 |
|     11.0414 |  1.03868 |
|       11.05 |  1.02914 |
|     11.0586 |  1.01729 |
|     11.0672 |  1.02707 |
|     11.0758 |  1.01717 |
|     11.0844 |  1.00903 |
|      11.093 |  1.01925 |
|     11.1019 |  1.02105 |
|     11.1105 |  1.02103 |
|     11.1191 |  1.02132 |
|     11.1277 |  1.02053 |
|     11.1364 |  1.01506 |
|     11.1622 |  1.02201 |
|     11.1708 |  1.02647 |
|      11.197 |  1.00076 |
|     11.2056 |  1.02022 |
|     11.2142 |  1.01934 |
|     11.2228 |  1.01431 |
|     11.2314 |  1.02114 |
|       11.24 |  1.02258 |
|     11.2486 |  1.01276 |
|     11.2572 |   1.0287 |
|     11.2658 |  1.01102 |
|     11.2919 |  1.03461 |
|     11.3005 |  1.01354 |
|     11.3091 |  1.01327 |
|     11.3177 |  1.02573 |
|     11.3264 |   1.0308 |
|      11.335 |  1.02839 |
|     11.3439 |  1.01704 |
|     11.3522 |  1.02554 |
|     11.3608 |  1.02867 |
|     11.3697 |  1.00505 |
|     11.3783 |  1.02043 |
|     11.4042 |  1.02104 |
|     11.4128 |  1.02818 |
|     11.4214 |  1.01318 |
|       11.43 |  1.02479 |
|     11.4386 |  1.00441 |
|     11.4475 |  1.02194 |
|     11.4559 |  1.00913 |
|     11.4647 |  1.01135 |
|     11.4733 |  1.01842 |
|     11.4819 |  1.00799 |
|     11.4905 |   1.0213 |
|     11.4991 |    1.021 |
|     11.5078 |  1.02002 |
|     11.5164 |  1.01123 |
|      11.525 |  1.00382 |
|     11.5336 |  1.01793 |
|     11.5425 |  1.01609 |
|     11.5511 |  1.03006 |
|     11.5597 |   1.0151 |
|     11.5683 |   1.0234 |
|     11.5855 |  1.01567 |
|     11.5941 |  1.02438 |
|     11.6028 |  1.01591 |
|     11.6114 |  1.00978 |
|     11.6202 |  1.00544 |
|     11.6286 |  1.00443 |
|     11.6375 |  1.00748 |
|     11.6461 |  1.01728 |
|     11.6547 |  1.01535 |
|     11.6633 |  1.03459 |
|     11.6719 |  1.02066 |
|     11.6978 |  1.01686 |
|     11.7064 |  1.02432 |
|     11.7153 |  1.02499 |
|     11.7239 |  1.01352 |
|     11.7325 |   1.0171 |
|     11.7411 |  1.01481 |
|     11.7497 |    1.028 |
|      11.767 |  1.01634 |
|     11.7756 |  1.00858 |
|     11.7842 |  1.00437 |
|     11.8014 |  1.01692 |
|     11.8102 |  1.01061 |
|     11.8188 |  1.01558 |
|     11.8275 |  1.02095 |
|     11.8361 |  1.00608 |
|     11.8533 |  1.00479 |
|     11.8619 |  1.00977 |
|     11.8705 |  1.01635 |
|     11.8792 |  1.00968 |
|      11.888 |  1.02341 |
|     11.8966 |  1.00866 |
|     11.9053 |  1.01396 |
|     11.9139 |  1.00747 |
|     11.9225 |  1.01475 |
|     11.9312 |  1.02465 |
|     11.9398 |  1.01972 |
|     11.9486 |  1.02508 |
|      11.957 |  1.01079 |
|     11.9658 |  1.00494 |
|     11.9742 |  1.00656 |
|      11.983 |  1.02083 |
|     11.9916 |  1.01217 |
|     12.0175 |  1.00846 |
|     12.0261 |   1.0122 |
|     12.0347 |  1.01613 |
|     12.0433 | 0.999362 |
|     12.0522 | 0.993671 |
|     12.0608 |   1.0223 |
|     12.0695 |  1.02116 |
|     12.0781 |  1.01691 |
|     12.0867 |   1.0151 |
|     12.0953 |  1.00898 |
|     12.1039 |  1.02972 |
|     12.1125 |  1.01733 |
|     12.1213 |  1.01882 |
|     12.1297 |  1.00882 |
|     12.1385 |  1.00774 |
|     12.1469 |  1.01361 |
|     12.1645 |  1.00972 |
|     12.1731 |  1.01134 |
|     12.1817 |  1.01776 |
|     12.1903 |  1.00315 |
|     12.1989 |  1.00086 |
|     12.2075 |  1.00538 |
|     12.2161 |  1.01206 |
|     12.2247 |  1.00926 |
|     12.2336 |  1.00381 |
|     12.2422 |    1.002 |
|     12.2509 |   1.0024 |
|     12.2595 |  1.02615 |
|     12.2681 |  1.01199 |
|     12.2767 |  1.01529 |
|     12.2853 |  1.01803 |
|     12.2939 |  0.99229 |
|     12.3025 |  1.01489 |
|     12.3114 |  1.01246 |
|     12.3197 |  1.01919 |
|     12.3286 |   1.0168 |
|     12.3372 |  1.00506 |
|     12.3458 |  1.01806 |
|     12.3544 | 0.997132 |
|      12.363 |  1.00837 |
|     12.3716 |  1.01246 |
|     12.3802 |  0.99231 |
|     12.3975 |  1.02605 |
|     12.4064 |  1.00606 |
|      12.415 |  1.00278 |
|     12.4236 |  1.01315 |
|     12.4323 |  1.02289 |
|     12.4495 |  1.01463 |
|     12.4581 |  1.00204 |
|     12.4667 |  1.00425 |
|     12.4753 |  1.02785 |
|     12.4842 | 0.996236 |
|     12.4925 |  0.99627 |
|     12.5014 |  1.00149 |
|       12.51 |  1.00392 |
|     12.5186 |  0.99947 |
|     12.5272 |  1.01103 |
|     12.5358 |  1.00934 |
|     12.5444 |  1.00042 |
|      12.553 |  1.01718 |
|     12.5616 |    1.007 |
|     12.5703 |  1.01774 |
|     12.5792 |  1.01011 |
|     12.5878 |  1.00333 |
|      12.605 |  1.00642 |
|     12.6136 |  1.00267 |
|     12.6222 |  1.01136 |
|     12.6308 |   1.0053 |
|     12.6394 | 0.996996 |
|      12.648 | 0.999766 |
|      12.657 |  1.01349 |
|     12.6656 | 0.996523 |
|     12.6742 | 0.986915 |
|     12.6828 | 0.996532 |
|     12.6914 |  1.01105 |
|        12.7 |  1.01291 |
|     12.7086 |  1.00464 |
|     12.7172 |   1.0166 |
|     12.7258 | 0.990403 |
|     12.7344 |   1.0021 |
|      12.743 |   1.0111 |
|      12.752 |  1.00761 |
|     12.7606 | 0.999134 |
|     12.7692 | 0.999938 |
|     12.7778 |  1.02429 |
|     12.7864 | 0.998483 |
|      12.795 |  1.00131 |
|     12.8036 |  1.01747 |
|     12.8122 |  1.01704 |
|     12.8208 |  1.00622 |
|     12.8297 |  1.00668 |
|      12.838 |  1.00413 |
|     12.8469 |  1.00621 |
|     12.8555 |  1.00095 |
|     12.8641 |  1.01079 |
|     12.8727 | 0.985423 |
|     12.8813 |  1.00426 |
|       12.89 |  1.00522 |
|     12.8986 | 0.998962 |
|     12.9072 |  1.00729 |
|     12.9161 | 0.997685 |
|     12.9247 | 0.992197 |
|     12.9333 |  1.00215 |
|      12.942 |  1.01341 |
|     12.9506 | 0.992808 |
|     12.9592 |  1.01146 |
|     12.9678 | 0.997962 |
|     12.9764 |  1.00663 |
|      12.985 |  1.01067 |
|     12.9939 | 0.995004 |
|     13.0025 | 0.993629 |
|     13.0108 |  1.00155 |
|     13.0197 | 0.996324 |
|     13.0283 | 0.993074 |
|     13.0369 |  1.00619 |
|     13.0455 |  1.00714 |
|     13.0541 | 0.998848 |
|      13.063 |  1.00146 |
|     13.0714 | 0.995302 |
|     13.0886 | 0.999081 |
|     13.0975 |  1.01248 |
|     13.1061 |  1.01076 |
|     13.1147 |  1.00353 |
|     13.1319 |  1.00856 |
|     13.1405 |  0.99719 |
|     13.1491 | 0.993734 |
|     13.1578 |  1.00588 |
|     13.1664 | 0.998993 |
|     13.1753 | 0.998304 |
|     13.1837 | 0.986337 |
|     13.1925 |  1.00388 |
|     13.2011 |   1.0154 |
|     13.2097 |  1.00586 |
|     13.2183 |  1.01076 |
|     13.2269 |  1.00413 |
|     13.2441 | 0.998707 |
|     13.2528 |   1.0008 |
|     13.2614 |  1.01317 |
|     13.2703 |  1.00568 |
|     13.2789 |  1.01656 |
|     13.2875 | 0.993648 |
|     13.2961 | 0.990933 |
|     13.3047 |  1.00777 |
|     13.3133 |  1.00196 |
|     13.3219 | 0.999675 |
|     13.3305 | 0.993771 |
|     13.3392 |  1.00172 |
|      13.348 |  1.00837 |
|     13.3566 |  1.00346 |
|     13.3652 |  1.00221 |
|     13.3738 | 0.992101 |
|     13.3997 |  1.00422 |
|     13.4083 |  1.00606 |
|      13.417 |  1.00269 |
|     13.4258 | 0.996507 |
|     13.4342 | 0.994668 |
|     13.4431 |  1.00055 |
|     13.4517 | 0.990915 |
|     13.4603 |  1.00747 |
|     13.4689 | 0.994677 |
|     13.4775 | 0.988826 |
|     13.4861 |  1.00489 |
|     13.4948 | 0.991113 |
|     13.5036 |  1.01004 |
|      13.512 | 0.992163 |
|     13.5208 | 0.996615 |
|     13.5294 |   0.9988 |
|      13.538 |  1.00673 |
|     13.5466 |  1.00971 |
|     13.5552 |  1.00162 |
|     13.5638 | 0.990016 |
|     13.5897 |  1.00301 |
|     13.5983 |  1.00129 |
|     13.6069 |  1.00023 |
|     13.6155 | 0.999424 |
|     13.6244 |  1.00113 |
|      13.633 |  1.00183 |
|     13.6416 |  1.00487 |
|     13.6503 | 0.984857 |
|     13.6589 |  0.99327 |
|     13.6675 | 0.991954 |
|     13.6761 | 0.995175 |
|     13.6848 |  1.00549 |
|     13.6934 | 0.995228 |
|     13.7022 | 0.987085 |
|     13.7108 | 0.997389 |
|     13.7195 | 0.988119 |
|     13.7281 | 0.993557 |
|     13.7367 | 0.990928 |
|     13.7453 | 0.998032 |
|     13.7539 | 0.995293 |
|     13.7625 | 0.996263 |
|     13.7711 | 0.994256 |
|       13.78 |  0.99308 |
|     13.7883 | 0.991627 |
|     13.7972 | 0.998526 |
|     13.8058 | 0.998139 |
|     13.8145 | 0.984101 |
|     13.8317 |  1.00577 |
|     13.8403 | 0.993402 |
|     13.8489 | 0.987734 |
|     13.8575 | 0.998676 |
|     13.8661 | 0.980077 |
|     13.8749 |  0.98638 |
|     13.8836 | 0.988555 |
|     13.8922 | 0.980304 |
|     13.9008 | 0.990781 |
|     13.9095 | 0.992558 |
|     13.9181 | 0.989316 |
|     13.9267 | 0.989697 |
|     13.9355 | 0.990282 |
|     13.9439 | 0.989003 |
|     13.9525 | 0.980274 |
|     13.9611 | 0.991525 |
|     13.9872 | 0.998379 |
|     13.9958 | 0.974756 |
|     14.0045 | 0.992326 |
|     14.0131 | 0.983098 |
|     14.0217 | 0.996678 |
|     14.0303 | 0.988172 |
|     14.0389 | 0.983123 |
|     14.0478 |  1.00817 |
|     14.0564 | 0.993079 |
|     14.0822 | 0.988851 |
|     14.0908 | 0.993562 |
|     14.0994 |  1.00016 |
|      14.108 | 0.993633 |
|     14.1166 | 0.987147 |
|     14.1255 |  1.00015 |
|     14.1428 | 0.982141 |
|     14.1514 | 0.972838 |
|       14.16 | 0.996657 |
|     14.1686 |  1.00255 |
|     14.1772 | 0.992573 |
|     14.1859 |  1.00121 |
|     14.1945 | 0.995389 |
|     14.2031 |  0.99112 |
|     14.2117 | 0.984463 |
|     14.2206 | 0.989554 |
|     14.2292 |  1.00119 |
|     14.2378 | 0.989956 |
|     14.2464 |  0.98898 |
|      14.255 | 0.999505 |
|     14.2636 | 0.977109 |
|     14.2722 | 0.993926 |
|     14.2811 | 0.994741 |
|     14.2894 | 0.983584 |
|     14.2983 | 0.980285 |
|     14.3069 |  0.96769 |
|     14.3156 | 0.991072 |
|     14.3242 | 0.986401 |
|     14.3328 |   0.9754 |
|     14.3414 | 0.987882 |
|       14.35 | 0.983346 |
|     14.3586 | 0.986716 |
|     14.3672 | 0.984283 |
|     14.3758 | 0.982235 |
|     14.3844 | 0.981348 |
|     14.3933 | 0.992998 |
|     14.4019 |  0.99775 |
|     14.4106 | 0.989457 |
|     14.4192 | 0.984991 |
|     14.4278 | 0.985971 |
|     14.4364 | 0.998542 |
|      14.445 | 0.997778 |
|     14.4536 | 0.985348 |
|     14.4622 | 0.982407 |
|     14.4711 | 0.999195 |
|     14.4794 | 0.986343 |
|     14.4969 | 0.977165 |
|     14.5142 | 0.979872 |
|     14.5228 | 0.988776 |
|     14.5314 | 0.992588 |
|       14.54 | 0.993985 |
|     14.5486 | 0.991602 |
|     14.5661 | 0.997249 |
|     14.5747 | 0.998571 |
|     14.5919 | 0.990299 |
|     14.6005 | 0.984011 |
|     14.6266 | 0.986092 |
|     14.6349 |  1.00764 |
|     14.6439 | 0.988904 |
|     14.6522 | 0.995434 |
|     14.6783 | 0.984594 |
|      14.687 | 0.998476 |
|     14.6956 | 0.993045 |
|     14.7042 |  1.01037 |
|     14.7128 | 0.989611 |
|     14.7389 | 0.993552 |
|     14.7475 | 0.992323 |
|     14.7561 | 0.987138 |
|     14.7647 |  0.98025 |
|     14.7819 |  0.98253 |
|     14.7905 |  0.97993 |
|     14.8167 | 0.981167 |
|      14.825 | 0.987222 |
|     14.8339 | 0.979378 |
|     14.8425 | 0.984687 |
|     14.8511 | 0.983622 |
|     14.8597 | 0.986777 |
|     14.8683 | 0.998023 |
|     14.8772 |  0.98989 |
|     14.8855 | 0.987225 |
|     14.8941 |  1.00007 |
|     14.9203 | 0.985897 |
|     14.9289 | 0.991644 |
|     14.9375 | 0.988664 |
|     14.9461 | 0.976046 |
|     14.9547 | 0.974625 |
|     14.9633 | 0.995056 |
|     14.9894 |  0.98495 |
|     15.0239 |  0.98317 |
|     15.0325 | 0.992453 |
|     15.0411 | 0.999339 |
|     15.0497 | 0.975625 |
|     15.0583 | 0.990825 |
|     15.0672 | 0.983481 |
|     15.0844 | 0.977835 |
|      15.093 | 0.992257 |
|     15.1016 | 0.992223 |
|     15.1102 | 0.972511 |
|     15.1274 | 0.989961 |
|     15.1361 | 0.988644 |
|     15.1447 | 0.990987 |
|     15.1534 |  0.98632 |
|     15.1622 | 0.987599 |
|     15.1706 | 0.982493 |
|     15.1794 | 0.972401 |
|      15.188 | 0.979071 |
|     15.1967 | 0.984047 |
|     15.2053 | 0.982657 |
|     15.2139 | 0.981949 |
|     15.2225 | 0.971953 |
|     15.2311 |  0.98731 |
|     15.2397 | 0.982716 |
|     15.2484 | 0.978791 |
|     15.2572 | 0.989586 |
|     15.2658 | 0.985766 |
|     15.2744 | 0.985774 |
|      15.283 | 0.981746 |
|     15.2916 | 0.983604 |
|     15.3003 | 0.990506 |
|     15.3089 | 0.989308 |
|     15.3175 |  1.00124 |
|     15.3261 | 0.982848 |
|      15.335 | 0.990511 |
|     15.3433 | 0.979536 |
|     15.3608 | 0.985591 |
|     15.3694 |  1.00019 |
|     15.3781 | 0.982119 |
|     15.4039 | 0.978969 |
|     15.4125 | 0.991965 |
|     15.4211 | 0.973386 |
|       15.43 | 0.993418 |
|     15.4386 | 0.999151 |
|     15.4472 | 0.987076 |
|     15.4559 | 0.980715 |
|     15.4817 | 0.997536 |
|     15.4903 | 0.981982 |
|     15.4989 | 0.990734 |
|     15.5078 | 0.997199 |
|     15.5161 | 0.984753 |
|      15.525 | 0.977865 |
|     15.5336 | 0.981443 |
|     15.5422 | 0.986155 |
|     15.5508 | 0.993558 |
|     15.5594 | 0.984998 |
|     15.5683 | 0.987248 |
|     15.5767 | 0.978679 |
|     15.5855 | 0.985326 |
|     15.5939 | 0.994216 |
|     15.6028 | 0.993125 |
|     15.6114 | 0.991692 |
|       15.62 |  1.00025 |
|     15.6286 | 0.983166 |
|     15.6372 | 0.989981 |
|     15.6458 | 0.988477 |
|     15.6545 | 0.984237 |
|     15.6631 | 0.991314 |
|     15.6717 |  0.98186 |
|     15.6805 | 0.980985 |
|     15.6889 | 0.974445 |
|     15.6978 | 0.987777 |
|      15.715 | 0.988534 |
|     15.7236 | 0.993207 |
|     15.7322 |  0.99273 |
|     15.7408 | 0.991814 |
|     15.7495 | 0.994643 |
|     15.7581 | 0.984831 |
|     15.7667 | 0.997137 |
|     15.7756 | 0.987437 |
|     15.7842 | 0.987612 |
|     15.7928 |  1.00214 |
|     15.8014 |  0.98749 |
|     15.8272 |  1.00253 |
|     15.8358 | 0.999801 |
|     15.8444 | 0.996232 |
|     15.8533 | 0.993653 |
|     15.8792 | 0.995855 |
|     15.8878 | 0.986112 |
|     15.8964 | 0.998527 |
|      15.905 | 0.984431 |
|     15.9312 |  1.00266 |
|     15.9395 | 0.990299 |
|     15.9484 | 0.996307 |
|      15.957 | 0.990625 |
|     15.9656 | 0.995454 |
|     15.9742 | 0.981789 |
|     15.9828 |  1.00635 |
|     15.9914 | 0.988679 |
|        16.0 | 0.989267 |
|     16.0089 | 0.988876 |
|     16.0347 | 0.999102 |
|     16.0433 |   0.9869 |
|     16.0519 | 0.997484 |
|     16.0605 | 0.986064 |
|     16.0692 | 0.983603 |
|     16.0778 | 0.994968 |
|     16.0867 | 0.991102 |
|      16.095 | 0.991267 |
|     16.1036 | 0.984455 |
|     16.1125 | 0.988474 |
|     16.1211 | 0.998909 |
|     16.1383 | 0.994156 |
|     16.1469 | 0.981705 |
|     16.1556 |  0.98463 |
|     16.1642 |   0.9928 |
|     16.1814 | 0.996843 |
|       16.19 | 0.995575 |
|     16.1989 | 0.989384 |
|     16.2072 | 0.991107 |
|     16.2161 | 0.990189 |
|     16.2247 | 0.984344 |
|     16.2333 | 0.976333 |
|     16.2505 | 0.989679 |
|     16.2592 | 0.984352 |
|     16.2678 |  1.00604 |
|     16.2764 | 0.993102 |
|      16.285 | 0.982835 |
|     16.2939 | 0.989189 |
|     16.3025 | 0.981405 |
|     16.3111 | 0.985262 |
|     16.3197 | 0.994633 |
|     16.3283 | 0.990095 |
|     16.3369 | 0.992752 |
|     16.3455 | 0.995185 |
|     16.3541 | 0.991309 |
|     16.3627 | 0.992912 |
|     16.3716 | 0.993092 |
|     16.3799 | 0.986294 |
|     16.3889 |  1.00676 |
|     16.3975 | 0.987813 |
|     16.4233 | 0.979183 |
|     16.4319 | 0.987917 |
|     16.4406 | 0.988734 |
|     16.4492 | 0.996184 |
|     16.4578 | 0.983818 |
|     16.4667 | 0.988837 |
|     16.4753 | 0.972279 |
|     16.4839 | 0.987631 |
|     16.4925 | 0.982927 |
|     16.5011 | 0.985474 |
|     16.5097 | 0.989063 |
|     16.5183 | 0.992095 |
|     16.5272 | 0.983576 |
|     16.5355 |  1.00172 |
|     16.5444 | 0.981338 |
|     16.5528 | 0.986169 |
|     16.5616 | 0.988967 |
|     16.5789 | 0.993821 |
|     16.5875 | 0.990483 |
|     16.5961 | 0.979349 |
|     16.6047 | 0.990384 |
|     16.6133 | 0.986134 |
|     16.6222 | 0.992074 |
|     16.6305 | 0.996301 |
|     16.6394 | 0.991667 |
|      16.648 |  1.00167 |
|     16.6567 | 0.976065 |
|     16.6653 | 0.987326 |
|     16.6739 | 0.984973 |
|     16.6825 |  0.99677 |
|     16.6911 | 0.984885 |
|     16.6997 | 0.974731 |
|     16.7083 | 0.991617 |
|     16.7256 | 0.975683 |
|     16.7344 | 0.985374 |
|      16.743 | 0.993268 |
|     16.7516 | 0.984979 |
