|            Time |             Spots | Bands |              flux |
|             0.0 |   0.0223674277505 |   0.0 |   0.0223674277505 |
| 0.0208333333333 |   0.0221760713054 |   0.0 |   0.0221760713054 |
| 0.0416666666667 |   0.0216052761318 |   0.0 |   0.0216052761318 |
|          0.0625 |   0.0206648086936 |   0.0 |   0.0206648086936 |
| 0.0833333333333 |   0.0193707606492 |   0.0 |   0.0193707606492 |
|  0.104166666667 |   0.0177452735196 |   0.0 |   0.0177452735196 |
|           0.125 |   0.0158161598401 |   0.0 |   0.0158161598401 |
|  0.145833333333 |   0.0136164272806 |   0.0 |   0.0136164272806 |
|  0.166666666667 |   0.0111837138752 |   0.0 |   0.0111837138752 |
|          0.1875 |  0.00855964402473 |   0.0 |  0.00855964402473 |
|  0.208333333333 |  0.00578911629178 |   0.0 |  0.00578911629178 |
|  0.229166666667 |  0.00291953517403 |   0.0 |  0.00291953517403 |
|            0.25 | 1.36960993999e-18 |   0.0 | 1.36960993999e-18 |
|  0.270833333333 |               0.0 |   0.0 |               0.0 |
|  0.291666666667 |               0.0 |   0.0 |               0.0 |
|          0.3125 |               0.0 |   0.0 |               0.0 |
|  0.333333333333 |               0.0 |   0.0 |               0.0 |
|  0.354166666667 |               0.0 |   0.0 |               0.0 |
|           0.375 |               0.0 |   0.0 |               0.0 |
|  0.395833333333 |               0.0 |   0.0 |               0.0 |
|  0.416666666667 |               0.0 |   0.0 |               0.0 |
|          0.4375 |               0.0 |   0.0 |               0.0 |
|  0.458333333333 |               0.0 |   0.0 |               0.0 |
|  0.479166666667 |               0.0 |   0.0 |               0.0 |
|             0.5 |               0.0 |   0.0 |               0.0 |
|  0.520833333333 |               0.0 |   0.0 |               0.0 |
|  0.541666666667 |               0.0 |   0.0 |               0.0 |
|          0.5625 |               0.0 |   0.0 |               0.0 |
|  0.583333333333 |               0.0 |   0.0 |               0.0 |
|  0.604166666667 |               0.0 |   0.0 |               0.0 |
|           0.625 |               0.0 |   0.0 |               0.0 |
|  0.645833333333 |               0.0 |   0.0 |               0.0 |
|  0.666666666667 |               0.0 |   0.0 |               0.0 |
|          0.6875 |               0.0 |   0.0 |               0.0 |
|  0.708333333333 |               0.0 |   0.0 |               0.0 |
|  0.729166666667 |               0.0 |   0.0 |               0.0 |
|            0.75 |               0.0 |   0.0 |               0.0 |
|  0.770833333333 |  0.00291953517403 |   0.0 |  0.00291953517403 |
|  0.791666666667 |  0.00578911629178 |   0.0 |  0.00578911629178 |
|          0.8125 |  0.00855964402473 |   0.0 |  0.00855964402473 |
|  0.833333333333 |   0.0111837138752 |   0.0 |   0.0111837138752 |
|  0.854166666667 |   0.0136164272806 |   0.0 |   0.0136164272806 |
|           0.875 |   0.0158161598401 |   0.0 |   0.0158161598401 |
|  0.895833333333 |   0.0177452735196 |   0.0 |   0.0177452735196 |
|  0.916666666667 |   0.0193707606492 |   0.0 |   0.0193707606492 |
|          0.9375 |   0.0206648086936 |   0.0 |   0.0206648086936 |
|  0.958333333333 |   0.0216052761318 |   0.0 |   0.0216052761318 |
|  0.979166666667 |   0.0221760713054 |   0.0 |   0.0221760713054 |
|             1.0 |   0.0223674277505 |   0.0 |   0.0223674277505 |
|   1.02083333333 |   0.0221760713054 |   0.0 |   0.0221760713054 |
|   1.04166666667 |   0.0216052761318 |   0.0 |   0.0216052761318 |
|          1.0625 |   0.0206648086936 |   0.0 |   0.0206648086936 |
|   1.08333333333 |   0.0193707606492 |   0.0 |   0.0193707606492 |
|   1.10416666667 |   0.0177452735196 |   0.0 |   0.0177452735196 |
|           1.125 |   0.0158161598401 |   0.0 |   0.0158161598401 |
|   1.14583333333 |   0.0136164272806 |   0.0 |   0.0136164272806 |
|   1.16666666667 |   0.0111837138752 |   0.0 |   0.0111837138752 |
|          1.1875 |  0.00855964402473 |   0.0 |  0.00855964402473 |
|   1.20833333333 |  0.00578911629178 |   0.0 |  0.00578911629178 |
|   1.22916666667 |  0.00291953517403 |   0.0 |  0.00291953517403 |
|            1.25 | 6.84804969995e-18 |   0.0 | 6.84804969995e-18 |
|   1.27083333333 |               0.0 |   0.0 |               0.0 |
|   1.29166666667 |               0.0 |   0.0 |               0.0 |
|          1.3125 |               0.0 |   0.0 |               0.0 |
|   1.33333333333 |               0.0 |   0.0 |               0.0 |
|   1.35416666667 |               0.0 |   0.0 |               0.0 |
|           1.375 |               0.0 |   0.0 |               0.0 |
|   1.39583333333 |               0.0 |   0.0 |               0.0 |
|   1.41666666667 |               0.0 |   0.0 |               0.0 |
|          1.4375 |               0.0 |   0.0 |               0.0 |
|   1.45833333333 |               0.0 |   0.0 |               0.0 |
|   1.47916666667 |               0.0 |   0.0 |               0.0 |
|             1.5 |               0.0 |   0.0 |               0.0 |
|   1.52083333333 |               0.0 |   0.0 |               0.0 |
|   1.54166666667 |               0.0 |   0.0 |               0.0 |
|          1.5625 |               0.0 |   0.0 |               0.0 |
|   1.58333333333 |               0.0 |   0.0 |               0.0 |
|   1.60416666667 |               0.0 |   0.0 |               0.0 |
|           1.625 |               0.0 |   0.0 |               0.0 |
|   1.64583333333 |               0.0 |   0.0 |               0.0 |
|   1.66666666667 |               0.0 |   0.0 |               0.0 |
|          1.6875 |               0.0 |   0.0 |               0.0 |
|   1.70833333333 |               0.0 |   0.0 |               0.0 |
|   1.72916666667 |               0.0 |   0.0 |               0.0 |
|            1.75 |               0.0 |   0.0 |               0.0 |
|   1.77083333333 |  0.00291953517403 |   0.0 |  0.00291953517403 |
|   1.79166666667 |  0.00578911629178 |   0.0 |  0.00578911629178 |
|          1.8125 |  0.00855964402473 |   0.0 |  0.00855964402473 |
|   1.83333333333 |   0.0111837138752 |   0.0 |   0.0111837138752 |
|   1.85416666667 |   0.0136164272806 |   0.0 |   0.0136164272806 |
|           1.875 |   0.0158161598401 |   0.0 |   0.0158161598401 |
|   1.89583333333 |   0.0177452735196 |   0.0 |   0.0177452735196 |
|   1.91666666667 |   0.0193707606492 |   0.0 |   0.0193707606492 |
|          1.9375 |   0.0206648086936 |   0.0 |   0.0206648086936 |
|   1.95833333333 |   0.0216052761318 |   0.0 |   0.0216052761318 |
|   1.97916666667 |   0.0221760713054 |   0.0 |   0.0221760713054 |
|             2.0 |   0.0223674277505 |   0.0 |   0.0223674277505 |
|   2.02083333333 |   0.0221760713054 |   0.0 |   0.0221760713054 |
|   2.04166666667 |   0.0216052761318 |   0.0 |   0.0216052761318 |
|          2.0625 |   0.0206648086936 |   0.0 |   0.0206648086936 |
|   2.08333333333 |   0.0193707606492 |   0.0 |   0.0193707606492 |
|   2.10416666667 |   0.0177452735196 |   0.0 |   0.0177452735196 |
|           2.125 |   0.0158161598401 |   0.0 |   0.0158161598401 |
|   2.14583333333 |   0.0136164272806 |   0.0 |   0.0136164272806 |
|   2.16666666667 |   0.0111837138752 |   0.0 |   0.0111837138752 |
|          2.1875 |  0.00855964402473 |   0.0 |  0.00855964402473 |
|   2.20833333333 |  0.00578911629178 |   0.0 |  0.00578911629178 |
|   2.22916666667 |  0.00291953517403 |   0.0 |  0.00291953517403 |
|            2.25 | 1.23264894599e-17 |   0.0 | 1.23264894599e-17 |
|   2.27083333333 |               0.0 |   0.0 |               0.0 |
|   2.29166666667 |               0.0 |   0.0 |               0.0 |
|          2.3125 |               0.0 |   0.0 |               0.0 |
|   2.33333333333 |               0.0 |   0.0 |               0.0 |
|   2.35416666667 |               0.0 |   0.0 |               0.0 |
|           2.375 |               0.0 |   0.0 |               0.0 |
|   2.39583333333 |               0.0 |   0.0 |               0.0 |
|   2.41666666667 |               0.0 |   0.0 |               0.0 |
|          2.4375 |               0.0 |   0.0 |               0.0 |
|   2.45833333333 |               0.0 |   0.0 |               0.0 |
|   2.47916666667 |               0.0 |   0.0 |               0.0 |
|             2.5 |               0.0 |   0.0 |               0.0 |
|   2.52083333333 |               0.0 |   0.0 |               0.0 |
|   2.54166666667 |               0.0 |   0.0 |               0.0 |
|          2.5625 |               0.0 |   0.0 |               0.0 |
|   2.58333333333 |               0.0 |   0.0 |               0.0 |
|   2.60416666667 |               0.0 |   0.0 |               0.0 |
|           2.625 |               0.0 |   0.0 |               0.0 |
|   2.64583333333 |               0.0 |   0.0 |               0.0 |
|   2.66666666667 |               0.0 |   0.0 |               0.0 |
|          2.6875 |               0.0 |   0.0 |               0.0 |
|   2.70833333333 |               0.0 |   0.0 |               0.0 |
|   2.72916666667 |               0.0 |   0.0 |               0.0 |
|            2.75 |               0.0 |   0.0 |               0.0 |
|   2.77083333333 |  0.00291953517403 |   0.0 |  0.00291953517403 |
|   2.79166666667 |  0.00578911629178 |   0.0 |  0.00578911629178 |
|          2.8125 |  0.00855964402473 |   0.0 |  0.00855964402473 |
|   2.83333333333 |   0.0111837138752 |   0.0 |   0.0111837138752 |
|   2.85416666667 |   0.0136164272806 |   0.0 |   0.0136164272806 |
|           2.875 |   0.0158161598401 |   0.0 |   0.0158161598401 |
|   2.89583333333 |   0.0177452735196 |   0.0 |   0.0177452735196 |
|   2.91666666667 |   0.0193707606492 |   0.0 |   0.0193707606492 |
|          2.9375 |   0.0206648086936 |   0.0 |   0.0206648086936 |
|   2.95833333333 |   0.0216052761318 |   0.0 |   0.0216052761318 |
|   2.97916666667 |   0.0221760713054 |   0.0 |   0.0221760713054 |
|             3.0 |   0.0223674277505 |   0.0 |   0.0223674277505 |
|   3.02083333333 |   0.0221760713054 |   0.0 |   0.0221760713054 |
|   3.04166666667 |   0.0216052761318 |   0.0 |   0.0216052761318 |
|          3.0625 |   0.0206648086936 |   0.0 |   0.0206648086936 |
|   3.08333333333 |   0.0193707606492 |   0.0 |   0.0193707606492 |
|   3.10416666667 |   0.0177452735196 |   0.0 |   0.0177452735196 |
|           3.125 |   0.0158161598401 |   0.0 |   0.0158161598401 |
|   3.14583333333 |   0.0136164272806 |   0.0 |   0.0136164272806 |
|   3.16666666667 |   0.0111837138752 |   0.0 |   0.0111837138752 |
|          3.1875 |  0.00855964402473 |   0.0 |  0.00855964402473 |
|   3.20833333333 |  0.00578911629178 |   0.0 |  0.00578911629178 |
|   3.22916666667 |  0.00291953517403 |   0.0 |  0.00291953517403 |
|            3.25 |               0.0 |   0.0 |               0.0 |
|   3.27083333333 |               0.0 |   0.0 |               0.0 |
|   3.29166666667 |               0.0 |   0.0 |               0.0 |
|          3.3125 |               0.0 |   0.0 |               0.0 |
|   3.33333333333 |               0.0 |   0.0 |               0.0 |
|   3.35416666667 |               0.0 |   0.0 |               0.0 |
|           3.375 |               0.0 |   0.0 |               0.0 |
|   3.39583333333 |               0.0 |   0.0 |               0.0 |
|   3.41666666667 |               0.0 |   0.0 |               0.0 |
|          3.4375 |               0.0 |   0.0 |               0.0 |
|   3.45833333333 |               0.0 |   0.0 |               0.0 |
|   3.47916666667 |               0.0 |   0.0 |               0.0 |
|             3.5 |               0.0 |   0.0 |               0.0 |
|   3.52083333333 |               0.0 |   0.0 |               0.0 |
|   3.54166666667 |               0.0 |   0.0 |               0.0 |
|          3.5625 |               0.0 |   0.0 |               0.0 |
|   3.58333333333 |               0.0 |   0.0 |               0.0 |
|   3.60416666667 |               0.0 |   0.0 |               0.0 |
|           3.625 |               0.0 |   0.0 |               0.0 |
|   3.64583333333 |               0.0 |   0.0 |               0.0 |
|   3.66666666667 |               0.0 |   0.0 |               0.0 |
|          3.6875 |               0.0 |   0.0 |               0.0 |
|   3.70833333333 |               0.0 |   0.0 |               0.0 |
|   3.72916666667 |               0.0 |   0.0 |               0.0 |
|            3.75 |               0.0 |   0.0 |               0.0 |
|   3.77083333333 |  0.00291953517403 |   0.0 |  0.00291953517403 |
|   3.79166666667 |  0.00578911629178 |   0.0 |  0.00578911629178 |
|          3.8125 |  0.00855964402473 |   0.0 |  0.00855964402473 |
|   3.83333333333 |   0.0111837138752 |   0.0 |   0.0111837138752 |
|   3.85416666667 |   0.0136164272806 |   0.0 |   0.0136164272806 |
|           3.875 |   0.0158161598401 |   0.0 |   0.0158161598401 |
|   3.89583333333 |   0.0177452735196 |   0.0 |   0.0177452735196 |
|   3.91666666667 |   0.0193707606492 |   0.0 |   0.0193707606492 |
|          3.9375 |   0.0206648086936 |   0.0 |   0.0206648086936 |
|   3.95833333333 |   0.0216052761318 |   0.0 |   0.0216052761318 |
|   3.97916666667 |   0.0221760713054 |   0.0 |   0.0221760713054 |
|             4.0 |   0.0223674277505 |   0.0 |   0.0223674277505 |
|   4.02083333333 |   0.0221760713054 |   0.0 |   0.0221760713054 |
|   4.04166666667 |   0.0216052761318 |   0.0 |   0.0216052761318 |
|          4.0625 |   0.0206648086936 |   0.0 |   0.0206648086936 |
|   4.08333333333 |   0.0193707606492 |   0.0 |   0.0193707606492 |
|   4.10416666667 |   0.0177452735196 |   0.0 |   0.0177452735196 |
|           4.125 |   0.0158161598401 |   0.0 |   0.0158161598401 |
|   4.14583333333 |   0.0136164272806 |   0.0 |   0.0136164272806 |
|   4.16666666667 |   0.0111837138752 |   0.0 |   0.0111837138752 |
|          4.1875 |  0.00855964402473 |   0.0 |  0.00855964402473 |
|   4.20833333333 |  0.00578911629178 |   0.0 |  0.00578911629178 |
|   4.22916666667 |  0.00291953517403 |   0.0 |  0.00291953517403 |
|            4.25 |               0.0 |   0.0 |               0.0 |
|   4.27083333333 |               0.0 |   0.0 |               0.0 |
|   4.29166666667 |               0.0 |   0.0 |               0.0 |
|          4.3125 |               0.0 |   0.0 |               0.0 |
|   4.33333333333 |               0.0 |   0.0 |               0.0 |
|   4.35416666667 |               0.0 |   0.0 |               0.0 |
|           4.375 |               0.0 |   0.0 |               0.0 |
|   4.39583333333 |               0.0 |   0.0 |               0.0 |
|   4.41666666667 |               0.0 |   0.0 |               0.0 |
|          4.4375 |               0.0 |   0.0 |               0.0 |
|   4.45833333333 |               0.0 |   0.0 |               0.0 |
|   4.47916666667 |               0.0 |   0.0 |               0.0 |
|             4.5 |               0.0 |   0.0 |               0.0 |
|   4.52083333333 |               0.0 |   0.0 |               0.0 |
|   4.54166666667 |               0.0 |   0.0 |               0.0 |
|          4.5625 |               0.0 |   0.0 |               0.0 |
|   4.58333333333 |               0.0 |   0.0 |               0.0 |
|   4.60416666667 |               0.0 |   0.0 |               0.0 |
|           4.625 |               0.0 |   0.0 |               0.0 |
|   4.64583333333 |               0.0 |   0.0 |               0.0 |
|   4.66666666667 |               0.0 |   0.0 |               0.0 |
|          4.6875 |               0.0 |   0.0 |               0.0 |
|   4.70833333333 |               0.0 |   0.0 |               0.0 |
|   4.72916666667 |               0.0 |   0.0 |               0.0 |
|            4.75 |               0.0 |   0.0 |               0.0 |
|   4.77083333333 |  0.00291953517403 |   0.0 |  0.00291953517403 |
|   4.79166666667 |  0.00578911629178 |   0.0 |  0.00578911629178 |
|          4.8125 |  0.00855964402473 |   0.0 |  0.00855964402473 |
|   4.83333333333 |   0.0111837138752 |   0.0 |   0.0111837138752 |
|   4.85416666667 |   0.0136164272806 |   0.0 |   0.0136164272806 |
|           4.875 |   0.0158161598401 |   0.0 |   0.0158161598401 |
|   4.89583333333 |   0.0177452735196 |   0.0 |   0.0177452735196 |
|   4.91666666667 |   0.0193707606492 |   0.0 |   0.0193707606492 |
|          4.9375 |   0.0206648086936 |   0.0 |   0.0206648086936 |
|   4.95833333333 |   0.0216052761318 |   0.0 |   0.0216052761318 |
|   4.97916666667 |   0.0221760713054 |   0.0 |   0.0221760713054 |
|             5.0 |   0.0223674277505 |   0.0 |   0.0223674277505 |
|   5.02083333333 |   0.0221760713054 |   0.0 |   0.0221760713054 |
|   5.04166666667 |   0.0216052761318 |   0.0 |   0.0216052761318 |
|          5.0625 |   0.0206648086936 |   0.0 |   0.0206648086936 |
|   5.08333333333 |   0.0193707606492 |   0.0 |   0.0193707606492 |
|   5.10416666667 |   0.0177452735196 |   0.0 |   0.0177452735196 |
|           5.125 |   0.0158161598401 |   0.0 |   0.0158161598401 |
|   5.14583333333 |   0.0136164272806 |   0.0 |   0.0136164272806 |
|   5.16666666667 |   0.0111837138752 |   0.0 |   0.0111837138752 |
|          5.1875 |  0.00855964402473 |   0.0 |  0.00855964402473 |
|   5.20833333333 |  0.00578911629178 |   0.0 |  0.00578911629178 |
|   5.22916666667 |  0.00291953517403 |   0.0 |  0.00291953517403 |
|            5.25 |               0.0 |   0.0 |               0.0 |
|   5.27083333333 |               0.0 |   0.0 |               0.0 |
|   5.29166666667 |               0.0 |   0.0 |               0.0 |
|          5.3125 |               0.0 |   0.0 |               0.0 |
|   5.33333333333 |               0.0 |   0.0 |               0.0 |
|   5.35416666667 |               0.0 |   0.0 |               0.0 |
|           5.375 |               0.0 |   0.0 |               0.0 |
|   5.39583333333 |               0.0 |   0.0 |               0.0 |
|   5.41666666667 |               0.0 |   0.0 |               0.0 |
|          5.4375 |               0.0 |   0.0 |               0.0 |
|   5.45833333333 |               0.0 |   0.0 |               0.0 |
|   5.47916666667 |               0.0 |   0.0 |               0.0 |
|             5.5 |               0.0 |   0.0 |               0.0 |
|   5.52083333333 |               0.0 |   0.0 |               0.0 |
|   5.54166666667 |               0.0 |   0.0 |               0.0 |
|          5.5625 |               0.0 |   0.0 |               0.0 |
|   5.58333333333 |               0.0 |   0.0 |               0.0 |
|   5.60416666667 |               0.0 |   0.0 |               0.0 |
|           5.625 |               0.0 |   0.0 |               0.0 |
|   5.64583333333 |               0.0 |   0.0 |               0.0 |
|   5.66666666667 |               0.0 |   0.0 |               0.0 |
|          5.6875 |               0.0 |   0.0 |               0.0 |
|   5.70833333333 |               0.0 |   0.0 |               0.0 |
|   5.72916666667 |               0.0 |   0.0 |               0.0 |
|            5.75 |               0.0 |   0.0 |               0.0 |
|   5.77083333333 |  0.00291953517403 |   0.0 |  0.00291953517403 |
|   5.79166666667 |  0.00578911629178 |   0.0 |  0.00578911629178 |
|          5.8125 |  0.00855964402473 |   0.0 |  0.00855964402473 |
|   5.83333333333 |   0.0111837138752 |   0.0 |   0.0111837138752 |
|   5.85416666667 |   0.0136164272806 |   0.0 |   0.0136164272806 |
|           5.875 |   0.0158161598401 |   0.0 |   0.0158161598401 |
|   5.89583333333 |   0.0177452735196 |   0.0 |   0.0177452735196 |
|   5.91666666667 |   0.0193707606492 |   0.0 |   0.0193707606492 |
|          5.9375 |   0.0206648086936 |   0.0 |   0.0206648086936 |
|   5.95833333333 |   0.0216052761318 |   0.0 |   0.0216052761318 |
|   5.97916666667 |   0.0221760713054 |   0.0 |   0.0221760713054 |
|             6.0 |   0.0223674277505 |   0.0 |   0.0223674277505 |
|   6.02083333333 |   0.0221760713054 |   0.0 |   0.0221760713054 |
|   6.04166666667 |   0.0216052761318 |   0.0 |   0.0216052761318 |
|          6.0625 |   0.0206648086936 |   0.0 |   0.0206648086936 |
|   6.08333333333 |   0.0193707606492 |   0.0 |   0.0193707606492 |
|   6.10416666667 |   0.0177452735196 |   0.0 |   0.0177452735196 |
|           6.125 |   0.0158161598401 |   0.0 |   0.0158161598401 |
|   6.14583333333 |   0.0136164272806 |   0.0 |   0.0136164272806 |
|   6.16666666667 |   0.0111837138752 |   0.0 |   0.0111837138752 |
|          6.1875 |  0.00855964402473 |   0.0 |  0.00855964402473 |
|   6.20833333333 |  0.00578911629178 |   0.0 |  0.00578911629178 |
|   6.22916666667 |  0.00291953517403 |   0.0 |  0.00291953517403 |
|            6.25 |               0.0 |   0.0 |               0.0 |
|   6.27083333333 |               0.0 |   0.0 |               0.0 |
|   6.29166666667 |               0.0 |   0.0 |               0.0 |
|          6.3125 |               0.0 |   0.0 |               0.0 |
|   6.33333333333 |               0.0 |   0.0 |               0.0 |
|   6.35416666667 |               0.0 |   0.0 |               0.0 |
|           6.375 |               0.0 |   0.0 |               0.0 |
|   6.39583333333 |               0.0 |   0.0 |               0.0 |
|   6.41666666667 |               0.0 |   0.0 |               0.0 |
|          6.4375 |               0.0 |   0.0 |               0.0 |
|   6.45833333333 |               0.0 |   0.0 |               0.0 |
|   6.47916666667 |               0.0 |   0.0 |               0.0 |
|             6.5 |               0.0 |   0.0 |               0.0 |
|   6.52083333333 |               0.0 |   0.0 |               0.0 |
|   6.54166666667 |               0.0 |   0.0 |               0.0 |
|          6.5625 |               0.0 |   0.0 |               0.0 |
|   6.58333333333 |               0.0 |   0.0 |               0.0 |
|   6.60416666667 |               0.0 |   0.0 |               0.0 |
|           6.625 |               0.0 |   0.0 |               0.0 |
|   6.64583333333 |               0.0 |   0.0 |               0.0 |
|   6.66666666667 |               0.0 |   0.0 |               0.0 |
|          6.6875 |               0.0 |   0.0 |               0.0 |
|   6.70833333333 |               0.0 |   0.0 |               0.0 |
|   6.72916666667 |               0.0 |   0.0 |               0.0 |
|            6.75 |               0.0 |   0.0 |               0.0 |
|   6.77083333333 |  0.00291953517403 |   0.0 |  0.00291953517403 |
|   6.79166666667 |  0.00578911629178 |   0.0 |  0.00578911629178 |
|          6.8125 |  0.00855964402473 |   0.0 |  0.00855964402473 |
|   6.83333333333 |   0.0111837138752 |   0.0 |   0.0111837138752 |
|   6.85416666667 |   0.0136164272806 |   0.0 |   0.0136164272806 |
|           6.875 |   0.0158161598401 |   0.0 |   0.0158161598401 |
|   6.89583333333 |   0.0177452735196 |   0.0 |   0.0177452735196 |
|   6.91666666667 |   0.0193707606492 |   0.0 |   0.0193707606492 |
|          6.9375 |   0.0206648086936 |   0.0 |   0.0206648086936 |
|   6.95833333333 |   0.0216052761318 |   0.0 |   0.0216052761318 |
|   6.97916666667 |   0.0221760713054 |   0.0 |   0.0221760713054 |
|             7.0 |   0.0223674277505 |   0.0 |   0.0223674277505 |
|   7.02083333333 |   0.0221760713054 |   0.0 |   0.0221760713054 |
|   7.04166666667 |   0.0216052761318 |   0.0 |   0.0216052761318 |
|          7.0625 |   0.0206648086936 |   0.0 |   0.0206648086936 |
|   7.08333333333 |   0.0193707606492 |   0.0 |   0.0193707606492 |
|   7.10416666667 |   0.0177452735196 |   0.0 |   0.0177452735196 |
|           7.125 |   0.0158161598401 |   0.0 |   0.0158161598401 |
|   7.14583333333 |   0.0136164272806 |   0.0 |   0.0136164272806 |
|   7.16666666667 |   0.0111837138752 |   0.0 |   0.0111837138752 |
|          7.1875 |  0.00855964402473 |   0.0 |  0.00855964402473 |
|   7.20833333333 |  0.00578911629178 |   0.0 |  0.00578911629178 |
|   7.22916666667 |  0.00291953517403 |   0.0 |  0.00291953517403 |
|            7.25 |               0.0 |   0.0 |               0.0 |
|   7.27083333333 |               0.0 |   0.0 |               0.0 |
|   7.29166666667 |               0.0 |   0.0 |               0.0 |
|          7.3125 |               0.0 |   0.0 |               0.0 |
|   7.33333333333 |               0.0 |   0.0 |               0.0 |
|   7.35416666667 |               0.0 |   0.0 |               0.0 |
|           7.375 |               0.0 |   0.0 |               0.0 |
|   7.39583333333 |               0.0 |   0.0 |               0.0 |
|   7.41666666667 |               0.0 |   0.0 |               0.0 |
|          7.4375 |               0.0 |   0.0 |               0.0 |
|   7.45833333333 |               0.0 |   0.0 |               0.0 |
|   7.47916666667 |               0.0 |   0.0 |               0.0 |
|             7.5 |               0.0 |   0.0 |               0.0 |
|   7.52083333333 |               0.0 |   0.0 |               0.0 |
|   7.54166666667 |               0.0 |   0.0 |               0.0 |
|          7.5625 |               0.0 |   0.0 |               0.0 |
|   7.58333333333 |               0.0 |   0.0 |               0.0 |
|   7.60416666667 |               0.0 |   0.0 |               0.0 |
|           7.625 |               0.0 |   0.0 |               0.0 |
|   7.64583333333 |               0.0 |   0.0 |               0.0 |
|   7.66666666667 |               0.0 |   0.0 |               0.0 |
|          7.6875 |               0.0 |   0.0 |               0.0 |
|   7.70833333333 |               0.0 |   0.0 |               0.0 |
|   7.72916666667 |               0.0 |   0.0 |               0.0 |
|            7.75 |               0.0 |   0.0 |               0.0 |
|   7.77083333333 |  0.00291953517403 |   0.0 |  0.00291953517403 |
|   7.79166666667 |  0.00578911629178 |   0.0 |  0.00578911629178 |
|          7.8125 |  0.00855964402473 |   0.0 |  0.00855964402473 |
|   7.83333333333 |   0.0111837138752 |   0.0 |   0.0111837138752 |
|   7.85416666667 |   0.0136164272806 |   0.0 |   0.0136164272806 |
|           7.875 |   0.0158161598401 |   0.0 |   0.0158161598401 |
|   7.89583333333 |   0.0177452735196 |   0.0 |   0.0177452735196 |
|   7.91666666667 |   0.0193707606492 |   0.0 |   0.0193707606492 |
|          7.9375 |   0.0206648086936 |   0.0 |   0.0206648086936 |
|   7.95833333333 |   0.0216052761318 |   0.0 |   0.0216052761318 |
|   7.97916666667 |   0.0221760713054 |   0.0 |   0.0221760713054 |
|             8.0 |   0.0223674277505 |   0.0 |   0.0223674277505 |
|   8.02083333333 |   0.0221760713054 |   0.0 |   0.0221760713054 |
|   8.04166666667 |   0.0216052761318 |   0.0 |   0.0216052761318 |
|          8.0625 |   0.0206648086936 |   0.0 |   0.0206648086936 |
|   8.08333333333 |   0.0193707606492 |   0.0 |   0.0193707606492 |
|   8.10416666667 |   0.0177452735196 |   0.0 |   0.0177452735196 |
|           8.125 |   0.0158161598401 |   0.0 |   0.0158161598401 |
|   8.14583333333 |   0.0136164272806 |   0.0 |   0.0136164272806 |
|   8.16666666667 |   0.0111837138752 |   0.0 |   0.0111837138752 |
|          8.1875 |  0.00855964402473 |   0.0 |  0.00855964402473 |
|   8.20833333333 |  0.00578911629178 |   0.0 |  0.00578911629178 |
|   8.22916666667 |  0.00291953517403 |   0.0 |  0.00291953517403 |
|            8.25 | 5.46459475529e-18 |   0.0 | 5.46459475529e-18 |
|   8.27083333333 |               0.0 |   0.0 |               0.0 |
|   8.29166666667 |               0.0 |   0.0 |               0.0 |
|          8.3125 |               0.0 |   0.0 |               0.0 |
|   8.33333333333 |               0.0 |   0.0 |               0.0 |
|   8.35416666667 |               0.0 |   0.0 |               0.0 |
|           8.375 |               0.0 |   0.0 |               0.0 |
|   8.39583333333 |               0.0 |   0.0 |               0.0 |
|   8.41666666667 |               0.0 |   0.0 |               0.0 |
|          8.4375 |               0.0 |   0.0 |               0.0 |
|   8.45833333333 |               0.0 |   0.0 |               0.0 |
|   8.47916666667 |               0.0 |   0.0 |               0.0 |
|             8.5 |               0.0 |   0.0 |               0.0 |
|   8.52083333333 |               0.0 |   0.0 |               0.0 |
|   8.54166666667 |               0.0 |   0.0 |               0.0 |
|          8.5625 |               0.0 |   0.0 |               0.0 |
|   8.58333333333 |               0.0 |   0.0 |               0.0 |
|   8.60416666667 |               0.0 |   0.0 |               0.0 |
|           8.625 |               0.0 |   0.0 |               0.0 |
|   8.64583333333 |               0.0 |   0.0 |               0.0 |
|   8.66666666667 |               0.0 |   0.0 |               0.0 |
|          8.6875 |               0.0 |   0.0 |               0.0 |
|   8.70833333333 |               0.0 |   0.0 |               0.0 |
|   8.72916666667 |               0.0 |   0.0 |               0.0 |
|            8.75 |               0.0 |   0.0 |               0.0 |
|   8.77083333333 |  0.00291953517403 |   0.0 |  0.00291953517403 |
|   8.79166666667 |  0.00578911629178 |   0.0 |  0.00578911629178 |
|          8.8125 |  0.00855964402473 |   0.0 |  0.00855964402473 |
|   8.83333333333 |   0.0111837138752 |   0.0 |   0.0111837138752 |
|   8.85416666667 |   0.0136164272806 |   0.0 |   0.0136164272806 |
|           8.875 |   0.0158161598401 |   0.0 |   0.0158161598401 |
|   8.89583333333 |   0.0177452735196 |   0.0 |   0.0177452735196 |
|   8.91666666667 |   0.0193707606492 |   0.0 |   0.0193707606492 |
|          8.9375 |   0.0206648086936 |   0.0 |   0.0206648086936 |
|   8.95833333333 |   0.0216052761318 |   0.0 |   0.0216052761318 |
|   8.97916666667 |   0.0221760713054 |   0.0 |   0.0221760713054 |
|             9.0 |   0.0223674277505 |   0.0 |   0.0223674277505 |
|   9.02083333333 |   0.0221760713054 |   0.0 |   0.0221760713054 |
|   9.04166666667 |   0.0216052761318 |   0.0 |   0.0216052761318 |
|          9.0625 |   0.0206648086936 |   0.0 |   0.0206648086936 |
|   9.08333333333 |   0.0193707606492 |   0.0 |   0.0193707606492 |
|   9.10416666667 |   0.0177452735196 |   0.0 |   0.0177452735196 |
|           9.125 |   0.0158161598401 |   0.0 |   0.0158161598401 |
|   9.14583333333 |   0.0136164272806 |   0.0 |   0.0136164272806 |
|   9.16666666667 |   0.0111837138752 |   0.0 |   0.0111837138752 |
|          9.1875 |  0.00855964402473 |   0.0 |  0.00855964402473 |
|   9.20833333333 |  0.00578911629178 |   0.0 |  0.00578911629178 |
|   9.22916666667 |  0.00291953517403 |   0.0 |  0.00291953517403 |
|            9.25 | 1.09430345152e-17 |   0.0 | 1.09430345152e-17 |
|   9.27083333333 |               0.0 |   0.0 |               0.0 |
|   9.29166666667 |               0.0 |   0.0 |               0.0 |
|          9.3125 |               0.0 |   0.0 |               0.0 |
|   9.33333333333 |               0.0 |   0.0 |               0.0 |
|   9.35416666667 |               0.0 |   0.0 |               0.0 |
|           9.375 |               0.0 |   0.0 |               0.0 |
|   9.39583333333 |               0.0 |   0.0 |               0.0 |
|   9.41666666667 |               0.0 |   0.0 |               0.0 |
|          9.4375 |               0.0 |   0.0 |               0.0 |
|   9.45833333333 |               0.0 |   0.0 |               0.0 |
|   9.47916666667 |               0.0 |   0.0 |               0.0 |
|             9.5 |               0.0 |   0.0 |               0.0 |
|   9.52083333333 |               0.0 |   0.0 |               0.0 |
|   9.54166666667 |               0.0 |   0.0 |               0.0 |
|          9.5625 |               0.0 |   0.0 |               0.0 |
|   9.58333333333 |               0.0 |   0.0 |               0.0 |
|   9.60416666667 |               0.0 |   0.0 |               0.0 |
|           9.625 |               0.0 |   0.0 |               0.0 |
|   9.64583333333 |               0.0 |   0.0 |               0.0 |
|   9.66666666667 |               0.0 |   0.0 |               0.0 |
|          9.6875 |               0.0 |   0.0 |               0.0 |
|   9.70833333333 |               0.0 |   0.0 |               0.0 |
|   9.72916666667 |               0.0 |   0.0 |               0.0 |
|            9.75 |               0.0 |   0.0 |               0.0 |
|   9.77083333333 |  0.00291953517403 |   0.0 |  0.00291953517403 |
|   9.79166666667 |  0.00578911629178 |   0.0 |  0.00578911629178 |
|          9.8125 |  0.00855964402473 |   0.0 |  0.00855964402473 |
|   9.83333333333 |   0.0111837138752 |   0.0 |   0.0111837138752 |
|   9.85416666667 |   0.0136164272806 |   0.0 |   0.0136164272806 |
|           9.875 |   0.0158161598401 |   0.0 |   0.0158161598401 |
|   9.89583333333 |   0.0177452735196 |   0.0 |   0.0177452735196 |
|   9.91666666667 |   0.0193707606492 |   0.0 |   0.0193707606492 |
|          9.9375 |   0.0206648086936 |   0.0 |   0.0206648086936 |
|   9.95833333333 |   0.0216052761318 |   0.0 |   0.0216052761318 |
|   9.97916666667 |   0.0221760713054 |   0.0 |   0.0221760713054 |
|            10.0 |   0.0223674277505 |   0.0 |   0.0223674277505 |
|   10.0208333333 |   0.0221760713054 |   0.0 |   0.0221760713054 |
|   10.0416666667 |   0.0216052761318 |   0.0 |   0.0216052761318 |
|         10.0625 |   0.0206648086936 |   0.0 |   0.0206648086936 |
|   10.0833333333 |   0.0193707606492 |   0.0 |   0.0193707606492 |
|   10.1041666667 |   0.0177452735196 |   0.0 |   0.0177452735196 |
|          10.125 |   0.0158161598401 |   0.0 |   0.0158161598401 |
|   10.1458333333 |   0.0136164272806 |   0.0 |   0.0136164272806 |
|   10.1666666667 |   0.0111837138752 |   0.0 |   0.0111837138752 |
|         10.1875 |  0.00855964402473 |   0.0 |  0.00855964402473 |
|   10.2083333333 |  0.00578911629178 |   0.0 |  0.00578911629178 |
|   10.2291666667 |  0.00291953517403 |   0.0 |  0.00291953517403 |
|           10.25 | 1.75351607333e-16 |   0.0 | 1.75351607333e-16 |
|   10.2708333333 |               0.0 |   0.0 |               0.0 |
|   10.2916666667 |               0.0 |   0.0 |               0.0 |
|         10.3125 |               0.0 |   0.0 |               0.0 |
|   10.3333333333 |               0.0 |   0.0 |               0.0 |
|   10.3541666667 |               0.0 |   0.0 |               0.0 |
|          10.375 |               0.0 |   0.0 |               0.0 |
|   10.3958333333 |               0.0 |   0.0 |               0.0 |
|   10.4166666667 |               0.0 |   0.0 |               0.0 |
|         10.4375 |               0.0 |   0.0 |               0.0 |
|   10.4583333333 |               0.0 |   0.0 |               0.0 |
|   10.4791666667 |               0.0 |   0.0 |               0.0 |
|            10.5 |               0.0 |   0.0 |               0.0 |
|   10.5208333333 |               0.0 |   0.0 |               0.0 |
|   10.5416666667 |               0.0 |   0.0 |               0.0 |
|         10.5625 |               0.0 |   0.0 |               0.0 |
|   10.5833333333 |               0.0 |   0.0 |               0.0 |
|   10.6041666667 |               0.0 |   0.0 |               0.0 |
|          10.625 |               0.0 |   0.0 |               0.0 |
|   10.6458333333 |               0.0 |   0.0 |               0.0 |
|   10.6666666667 |               0.0 |   0.0 |               0.0 |
|         10.6875 |               0.0 |   0.0 |               0.0 |
|   10.7083333333 |               0.0 |   0.0 |               0.0 |
|   10.7291666667 |               0.0 |   0.0 |               0.0 |
|           10.75 |               0.0 |   0.0 |               0.0 |
|   10.7708333333 |  0.00291953517403 |   0.0 |  0.00291953517403 |
|   10.7916666667 |  0.00578911629178 |   0.0 |  0.00578911629178 |
|         10.8125 |  0.00855964402473 |   0.0 |  0.00855964402473 |
|   10.8333333333 |   0.0111837138752 |   0.0 |   0.0111837138752 |
|   10.8541666667 |   0.0136164272806 |   0.0 |   0.0136164272806 |
|          10.875 |   0.0158161598401 |   0.0 |   0.0158161598401 |
|   10.8958333333 |   0.0177452735196 |   0.0 |   0.0177452735196 |
|   10.9166666667 |   0.0193707606492 |   0.0 |   0.0193707606492 |
|         10.9375 |   0.0206648086936 |   0.0 |   0.0206648086936 |
|   10.9583333333 |   0.0216052761318 |   0.0 |   0.0216052761318 |
|   10.9791666667 |   0.0221760713054 |   0.0 |   0.0221760713054 |
|            11.0 |   0.0223674277505 |   0.0 |   0.0223674277505 |
|   11.0208333333 |   0.0221760713054 |   0.0 |   0.0221760713054 |
|   11.0416666667 |   0.0216052761318 |   0.0 |   0.0216052761318 |
|         11.0625 |   0.0206648086936 |   0.0 |   0.0206648086936 |
|   11.0833333333 |   0.0193707606492 |   0.0 |   0.0193707606492 |
|   11.1041666667 |   0.0177452735196 |   0.0 |   0.0177452735196 |
|          11.125 |   0.0158161598401 |   0.0 |   0.0158161598401 |
|   11.1458333333 |   0.0136164272806 |   0.0 |   0.0136164272806 |
|   11.1666666667 |   0.0111837138752 |   0.0 |   0.0111837138752 |
|         11.1875 |  0.00855964402473 |   0.0 |  0.00855964402473 |
|   11.2083333333 |  0.00578911629178 |   0.0 |  0.00578911629178 |
|   11.2291666667 |  0.00291953517403 |   0.0 |  0.00291953517403 |
|           11.25 | 2.18999140352e-17 |   0.0 | 2.18999140352e-17 |
|   11.2708333333 |               0.0 |   0.0 |               0.0 |
|   11.2916666667 |               0.0 |   0.0 |               0.0 |
|         11.3125 |               0.0 |   0.0 |               0.0 |
|   11.3333333333 |               0.0 |   0.0 |               0.0 |
|   11.3541666667 |               0.0 |   0.0 |               0.0 |
|          11.375 |               0.0 |   0.0 |               0.0 |
|   11.3958333333 |               0.0 |   0.0 |               0.0 |
|   11.4166666667 |               0.0 |   0.0 |               0.0 |
|         11.4375 |               0.0 |   0.0 |               0.0 |
|   11.4583333333 |               0.0 |   0.0 |               0.0 |
|   11.4791666667 |               0.0 |   0.0 |               0.0 |
|            11.5 |               0.0 |   0.0 |               0.0 |
|   11.5208333333 |               0.0 |   0.0 |               0.0 |
|   11.5416666667 |               0.0 |   0.0 |               0.0 |
|         11.5625 |               0.0 |   0.0 |               0.0 |
|   11.5833333333 |               0.0 |   0.0 |               0.0 |
|   11.6041666667 |               0.0 |   0.0 |               0.0 |
|          11.625 |               0.0 |   0.0 |               0.0 |
|   11.6458333333 |               0.0 |   0.0 |               0.0 |
|   11.6666666667 |               0.0 |   0.0 |               0.0 |
|         11.6875 |               0.0 |   0.0 |               0.0 |
|   11.7083333333 |               0.0 |   0.0 |               0.0 |
|   11.7291666667 |               0.0 |   0.0 |               0.0 |
|           11.75 | 5.48259326136e-17 |   0.0 | 5.48259326136e-17 |
|   11.7708333333 |  0.00291953517403 |   0.0 |  0.00291953517403 |
|   11.7916666667 |  0.00578911629178 |   0.0 |  0.00578911629178 |
|         11.8125 |  0.00855964402473 |   0.0 |  0.00855964402473 |
|   11.8333333333 |   0.0111837138752 |   0.0 |   0.0111837138752 |
|   11.8541666667 |   0.0136164272806 |   0.0 |   0.0136164272806 |
|          11.875 |   0.0158161598401 |   0.0 |   0.0158161598401 |
|   11.8958333333 |   0.0177452735196 |   0.0 |   0.0177452735196 |
|   11.9166666667 |   0.0193707606492 |   0.0 |   0.0193707606492 |
|         11.9375 |   0.0206648086936 |   0.0 |   0.0206648086936 |
|   11.9583333333 |   0.0216052761318 |   0.0 |   0.0216052761318 |
|   11.9791666667 |   0.0221760713054 |   0.0 |   0.0221760713054 |
|            12.0 |   0.0223674277505 |   0.0 |   0.0223674277505 |
|   12.0208333333 |   0.0221760713054 |   0.0 |   0.0221760713054 |
|   12.0416666667 |   0.0216052761318 |   0.0 |   0.0216052761318 |
|         12.0625 |   0.0206648086936 |   0.0 |   0.0206648086936 |
|   12.0833333333 |   0.0193707606492 |   0.0 |   0.0193707606492 |
|   12.1041666667 |   0.0177452735196 |   0.0 |   0.0177452735196 |
|          12.125 |   0.0158161598401 |   0.0 |   0.0158161598401 |
|   12.1458333333 |   0.0136164272806 |   0.0 |   0.0136164272806 |
|   12.1666666667 |   0.0111837138752 |   0.0 |   0.0111837138752 |
|         12.1875 |  0.00855964402473 |   0.0 |  0.00855964402473 |
|   12.2083333333 |  0.00578911629178 |   0.0 |  0.00578911629178 |
|   12.2291666667 |  0.00291953517403 |   0.0 |  0.00291953517403 |
|           12.25 | 1.86308486853e-16 |   0.0 | 1.86308486853e-16 |
|   12.2708333333 |               0.0 |   0.0 |               0.0 |
|   12.2916666667 |               0.0 |   0.0 |               0.0 |
|         12.3125 |               0.0 |   0.0 |               0.0 |
|   12.3333333333 |               0.0 |   0.0 |               0.0 |
|   12.3541666667 |               0.0 |   0.0 |               0.0 |
|          12.375 |               0.0 |   0.0 |               0.0 |
|   12.3958333333 |               0.0 |   0.0 |               0.0 |
|   12.4166666667 |               0.0 |   0.0 |               0.0 |
|         12.4375 |               0.0 |   0.0 |               0.0 |
|   12.4583333333 |               0.0 |   0.0 |               0.0 |
|   12.4791666667 |               0.0 |   0.0 |               0.0 |
|            12.5 |               0.0 |   0.0 |               0.0 |
|   12.5208333333 |               0.0 |   0.0 |               0.0 |
|   12.5416666667 |               0.0 |   0.0 |               0.0 |
|         12.5625 |               0.0 |   0.0 |               0.0 |
|   12.5833333333 |               0.0 |   0.0 |               0.0 |
|   12.6041666667 |               0.0 |   0.0 |               0.0 |
|          12.625 |               0.0 |   0.0 |               0.0 |
|   12.6458333333 |               0.0 |   0.0 |               0.0 |
|   12.6666666667 |               0.0 |   0.0 |               0.0 |
|         12.6875 |               0.0 |   0.0 |               0.0 |
|   12.7083333333 |               0.0 |   0.0 |               0.0 |
|   12.7291666667 |               0.0 |   0.0 |               0.0 |
|           12.75 |               0.0 |   0.0 |               0.0 |
|   12.7708333333 |  0.00291953517403 |   0.0 |  0.00291953517403 |
|   12.7916666667 |  0.00578911629178 |   0.0 |  0.00578911629178 |
|         12.8125 |  0.00855964402473 |   0.0 |  0.00855964402473 |
|   12.8333333333 |   0.0111837138752 |   0.0 |   0.0111837138752 |
|   12.8541666667 |   0.0136164272806 |   0.0 |   0.0136164272806 |
|          12.875 |   0.0158161598401 |   0.0 |   0.0158161598401 |
|   12.8958333333 |   0.0177452735196 |   0.0 |   0.0177452735196 |
|   12.9166666667 |   0.0193707606492 |   0.0 |   0.0193707606492 |
|         12.9375 |   0.0206648086936 |   0.0 |   0.0206648086936 |
|   12.9583333333 |   0.0216052761318 |   0.0 |   0.0216052761318 |
|   12.9791666667 |   0.0221760713054 |   0.0 |   0.0221760713054 |
|            13.0 |   0.0223674277505 |   0.0 |   0.0223674277505 |
|   13.0208333333 |   0.0221760713054 |   0.0 |   0.0221760713054 |
|   13.0416666667 |   0.0216052761318 |   0.0 |   0.0216052761318 |
|         13.0625 |   0.0206648086936 |   0.0 |   0.0206648086936 |
|   13.0833333333 |   0.0193707606492 |   0.0 |   0.0193707606492 |
|   13.1041666667 |   0.0177452735196 |   0.0 |   0.0177452735196 |
|          13.125 |   0.0158161598401 |   0.0 |   0.0158161598401 |
|   13.1458333333 |   0.0136164272806 |   0.0 |   0.0136164272806 |
|   13.1666666667 |   0.0111837138752 |   0.0 |   0.0111837138752 |
|         13.1875 |  0.00855964402473 |   0.0 |  0.00855964402473 |
|   13.2083333333 |  0.00578911629178 |   0.0 |  0.00578911629178 |
|   13.2291666667 |  0.00291953517403 |   0.0 |  0.00291953517403 |
|           13.25 | 3.28567935551e-17 |   0.0 | 3.28567935551e-17 |
|   13.2708333333 |               0.0 |   0.0 |               0.0 |
|   13.2916666667 |               0.0 |   0.0 |               0.0 |
|         13.3125 |               0.0 |   0.0 |               0.0 |
|   13.3333333333 |               0.0 |   0.0 |               0.0 |
|   13.3541666667 |               0.0 |   0.0 |               0.0 |
|          13.375 |               0.0 |   0.0 |               0.0 |
|   13.3958333333 |               0.0 |   0.0 |               0.0 |
|   13.4166666667 |               0.0 |   0.0 |               0.0 |
|         13.4375 |               0.0 |   0.0 |               0.0 |
|   13.4583333333 |               0.0 |   0.0 |               0.0 |
|   13.4791666667 |               0.0 |   0.0 |               0.0 |
|            13.5 |               0.0 |   0.0 |               0.0 |
|   13.5208333333 |               0.0 |   0.0 |               0.0 |
|   13.5416666667 |               0.0 |   0.0 |               0.0 |
|         13.5625 |               0.0 |   0.0 |               0.0 |
|   13.5833333333 |               0.0 |   0.0 |               0.0 |
|   13.6041666667 |               0.0 |   0.0 |               0.0 |
|          13.625 |               0.0 |   0.0 |               0.0 |
|   13.6458333333 |               0.0 |   0.0 |               0.0 |
|   13.6666666667 |               0.0 |   0.0 |               0.0 |
|         13.6875 |               0.0 |   0.0 |               0.0 |
|   13.7083333333 |               0.0 |   0.0 |               0.0 |
|   13.7291666667 |               0.0 |   0.0 |               0.0 |
|           13.75 | 4.38690530937e-17 |   0.0 | 4.38690530937e-17 |
|   13.7708333333 |  0.00291953517403 |   0.0 |  0.00291953517403 |
|   13.7916666667 |  0.00578911629178 |   0.0 |  0.00578911629178 |
|         13.8125 |  0.00855964402473 |   0.0 |  0.00855964402473 |
|   13.8333333333 |   0.0111837138752 |   0.0 |   0.0111837138752 |
|   13.8541666667 |   0.0136164272806 |   0.0 |   0.0136164272806 |
|          13.875 |   0.0158161598401 |   0.0 |   0.0158161598401 |
|   13.8958333333 |   0.0177452735196 |   0.0 |   0.0177452735196 |
|   13.9166666667 |   0.0193707606492 |   0.0 |   0.0193707606492 |
|         13.9375 |   0.0206648086936 |   0.0 |   0.0206648086936 |
|   13.9583333333 |   0.0216052761318 |   0.0 |   0.0216052761318 |
|   13.9791666667 |   0.0221760713054 |   0.0 |   0.0221760713054 |
|            14.0 |   0.0223674277505 |   0.0 |   0.0223674277505 |
|   14.0208333333 |   0.0221760713054 |   0.0 |   0.0221760713054 |
|   14.0416666667 |   0.0216052761318 |   0.0 |   0.0216052761318 |
|         14.0625 |   0.0206648086936 |   0.0 |   0.0206648086936 |
|   14.0833333333 |   0.0193707606492 |   0.0 |   0.0193707606492 |
|   14.1041666667 |   0.0177452735196 |   0.0 |   0.0177452735196 |
|          14.125 |   0.0158161598401 |   0.0 |   0.0158161598401 |
|   14.1458333333 |   0.0136164272806 |   0.0 |   0.0136164272806 |
|   14.1666666667 |   0.0111837138752 |   0.0 |   0.0111837138752 |
|         14.1875 |  0.00855964402473 |   0.0 |  0.00855964402473 |
|   14.2083333333 |  0.00578911629178 |   0.0 |  0.00578911629178 |
|   14.2291666667 |  0.00291953517403 |   0.0 |  0.00291953517403 |
|           14.25 | 1.97265366372e-16 |   0.0 | 1.97265366372e-16 |
|   14.2708333333 |               0.0 |   0.0 |               0.0 |
|   14.2916666667 |               0.0 |   0.0 |               0.0 |
|         14.3125 |               0.0 |   0.0 |               0.0 |
|   14.3333333333 |               0.0 |   0.0 |               0.0 |
|   14.3541666667 |               0.0 |   0.0 |               0.0 |
|          14.375 |               0.0 |   0.0 |               0.0 |
|   14.3958333333 |               0.0 |   0.0 |               0.0 |
|   14.4166666667 |               0.0 |   0.0 |               0.0 |
|         14.4375 |               0.0 |   0.0 |               0.0 |
|   14.4583333333 |               0.0 |   0.0 |               0.0 |
|   14.4791666667 |               0.0 |   0.0 |               0.0 |
|            14.5 |               0.0 |   0.0 |               0.0 |
|   14.5208333333 |               0.0 |   0.0 |               0.0 |
|   14.5416666667 |               0.0 |   0.0 |               0.0 |
|         14.5625 |               0.0 |   0.0 |               0.0 |
|   14.5833333333 |               0.0 |   0.0 |               0.0 |
|   14.6041666667 |               0.0 |   0.0 |               0.0 |
|          14.625 |               0.0 |   0.0 |               0.0 |
|   14.6458333333 |               0.0 |   0.0 |               0.0 |
|   14.6666666667 |               0.0 |   0.0 |               0.0 |
|         14.6875 |               0.0 |   0.0 |               0.0 |
|   14.7083333333 |               0.0 |   0.0 |               0.0 |
|   14.7291666667 |               0.0 |   0.0 |               0.0 |
|           14.75 |               0.0 |   0.0 |               0.0 |
|   14.7708333333 |  0.00291953517403 |   0.0 |  0.00291953517403 |
|   14.7916666667 |  0.00578911629178 |   0.0 |  0.00578911629178 |
|         14.8125 |  0.00855964402473 |   0.0 |  0.00855964402473 |
|   14.8333333333 |   0.0111837138752 |   0.0 |   0.0111837138752 |
|   14.8541666667 |   0.0136164272806 |   0.0 |   0.0136164272806 |
|          14.875 |   0.0158161598401 |   0.0 |   0.0158161598401 |
|   14.8958333333 |   0.0177452735196 |   0.0 |   0.0177452735196 |
|   14.9166666667 |   0.0193707606492 |   0.0 |   0.0193707606492 |
|         14.9375 |   0.0206648086936 |   0.0 |   0.0206648086936 |
|   14.9583333333 |   0.0216052761318 |   0.0 |   0.0216052761318 |
|   14.9791666667 |   0.0221760713054 |   0.0 |   0.0221760713054 |
|            15.0 |   0.0223674277505 |   0.0 |   0.0223674277505 |
|   15.0208333333 |   0.0221760713054 |   0.0 |   0.0221760713054 |
|   15.0416666667 |   0.0216052761318 |   0.0 |   0.0216052761318 |
|         15.0625 |   0.0206648086936 |   0.0 |   0.0206648086936 |
|   15.0833333333 |   0.0193707606492 |   0.0 |   0.0193707606492 |
|   15.1041666667 |   0.0177452735196 |   0.0 |   0.0177452735196 |
|          15.125 |   0.0158161598401 |   0.0 |   0.0158161598401 |
|   15.1458333333 |   0.0136164272806 |   0.0 |   0.0136164272806 |
|   15.1666666667 |   0.0111837138752 |   0.0 |   0.0111837138752 |
|         15.1875 |  0.00855964402473 |   0.0 |  0.00855964402473 |
|   15.2083333333 |  0.00578911629178 |   0.0 |  0.00578911629178 |
|   15.2291666667 |  0.00291953517403 |   0.0 |  0.00291953517403 |
|           15.25 |  4.3813673075e-17 |   0.0 |  4.3813673075e-17 |
|   15.2708333333 |               0.0 |   0.0 |               0.0 |
|   15.2916666667 |               0.0 |   0.0 |               0.0 |
|         15.3125 |               0.0 |   0.0 |               0.0 |
|   15.3333333333 |               0.0 |   0.0 |               0.0 |
|   15.3541666667 |               0.0 |   0.0 |               0.0 |
|          15.375 |               0.0 |   0.0 |               0.0 |
|   15.3958333333 |               0.0 |   0.0 |               0.0 |
|   15.4166666667 |               0.0 |   0.0 |               0.0 |
|         15.4375 |               0.0 |   0.0 |               0.0 |
|   15.4583333333 |               0.0 |   0.0 |               0.0 |
|   15.4791666667 |               0.0 |   0.0 |               0.0 |
|            15.5 |               0.0 |   0.0 |               0.0 |
|   15.5208333333 |               0.0 |   0.0 |               0.0 |
|   15.5416666667 |               0.0 |   0.0 |               0.0 |
|         15.5625 |               0.0 |   0.0 |               0.0 |
|   15.5833333333 |               0.0 |   0.0 |               0.0 |
|   15.6041666667 |               0.0 |   0.0 |               0.0 |
|          15.625 |               0.0 |   0.0 |               0.0 |
|   15.6458333333 |               0.0 |   0.0 |               0.0 |
|   15.6666666667 |               0.0 |   0.0 |               0.0 |
|         15.6875 |               0.0 |   0.0 |               0.0 |
|   15.7083333333 |               0.0 |   0.0 |               0.0 |
|   15.7291666667 |               0.0 |   0.0 |               0.0 |
|           15.75 | 3.29121735738e-17 |   0.0 | 3.29121735738e-17 |
|   15.7708333333 |  0.00291953517403 |   0.0 |  0.00291953517403 |
|   15.7916666667 |  0.00578911629178 |   0.0 |  0.00578911629178 |
|         15.8125 |  0.00855964402473 |   0.0 |  0.00855964402473 |
|   15.8333333333 |   0.0111837138752 |   0.0 |   0.0111837138752 |
|   15.8541666667 |   0.0136164272806 |   0.0 |   0.0136164272806 |
|          15.875 |   0.0158161598401 |   0.0 |   0.0158161598401 |
|   15.8958333333 |   0.0177452735196 |   0.0 |   0.0177452735196 |
|   15.9166666667 |   0.0193707606492 |   0.0 |   0.0193707606492 |
|         15.9375 |   0.0206648086936 |   0.0 |   0.0206648086936 |
|   15.9583333333 |   0.0216052761318 |   0.0 |   0.0216052761318 |
|   15.9791666667 |   0.0221760713054 |   0.0 |   0.0221760713054 |
|            16.0 |   0.0223674277505 |   0.0 |   0.0223674277505 |
|   16.0208333333 |   0.0221760713054 |   0.0 |   0.0221760713054 |
|   16.0416666667 |   0.0216052761318 |   0.0 |   0.0216052761318 |
|         16.0625 |   0.0206648086936 |   0.0 |   0.0206648086936 |
|   16.0833333333 |   0.0193707606492 |   0.0 |   0.0193707606492 |
|   16.1041666667 |   0.0177452735196 |   0.0 |   0.0177452735196 |
|          16.125 |   0.0158161598401 |   0.0 |   0.0158161598401 |
|   16.1458333333 |   0.0136164272806 |   0.0 |   0.0136164272806 |
|   16.1666666667 |   0.0111837138752 |   0.0 |   0.0111837138752 |
|         16.1875 |  0.00855964402473 |   0.0 |  0.00855964402473 |
|   16.2083333333 |  0.00578911629178 |   0.0 |  0.00578911629178 |
|   16.2291666667 |  0.00291953517403 |   0.0 |  0.00291953517403 |
|           16.25 | 2.08222245892e-16 |   0.0 | 2.08222245892e-16 |
|   16.2708333333 |               0.0 |   0.0 |               0.0 |
|   16.2916666667 |               0.0 |   0.0 |               0.0 |
|         16.3125 |               0.0 |   0.0 |               0.0 |
|   16.3333333333 |               0.0 |   0.0 |               0.0 |
|   16.3541666667 |               0.0 |   0.0 |               0.0 |
|          16.375 |               0.0 |   0.0 |               0.0 |
|   16.3958333333 |               0.0 |   0.0 |               0.0 |
|   16.4166666667 |               0.0 |   0.0 |               0.0 |
|         16.4375 |               0.0 |   0.0 |               0.0 |
|   16.4583333333 |               0.0 |   0.0 |               0.0 |
|   16.4791666667 |               0.0 |   0.0 |               0.0 |
|            16.5 |               0.0 |   0.0 |               0.0 |
|   16.5208333333 |               0.0 |   0.0 |               0.0 |
|   16.5416666667 |               0.0 |   0.0 |               0.0 |
|         16.5625 |               0.0 |   0.0 |               0.0 |
|   16.5833333333 |               0.0 |   0.0 |               0.0 |
|   16.6041666667 |               0.0 |   0.0 |               0.0 |
|          16.625 |               0.0 |   0.0 |               0.0 |
|   16.6458333333 |               0.0 |   0.0 |               0.0 |
|   16.6666666667 |               0.0 |   0.0 |               0.0 |
|         16.6875 |               0.0 |   0.0 |               0.0 |
|   16.7083333333 |               0.0 |   0.0 |               0.0 |
|   16.7291666667 |               0.0 |   0.0 |               0.0 |
|           16.75 |               0.0 |   0.0 |               0.0 |
|   16.7708333333 |  0.00291953517403 |   0.0 |  0.00291953517403 |
|   16.7916666667 |  0.00578911629178 |   0.0 |  0.00578911629178 |
|         16.8125 |  0.00855964402473 |   0.0 |  0.00855964402473 |
|   16.8333333333 |   0.0111837138752 |   0.0 |   0.0111837138752 |
|   16.8541666667 |   0.0136164272806 |   0.0 |   0.0136164272806 |
|          16.875 |   0.0158161598401 |   0.0 |   0.0158161598401 |
|   16.8958333333 |   0.0177452735196 |   0.0 |   0.0177452735196 |
|   16.9166666667 |   0.0193707606492 |   0.0 |   0.0193707606492 |
|         16.9375 |   0.0206648086936 |   0.0 |   0.0206648086936 |
|   16.9583333333 |   0.0216052761318 |   0.0 |   0.0216052761318 |
|   16.9791666667 |   0.0221760713054 |   0.0 |   0.0221760713054 |
|            17.0 |   0.0223674277505 |   0.0 |   0.0223674277505 |
|   17.0208333333 |   0.0221760713054 |   0.0 |   0.0221760713054 |
|   17.0416666667 |   0.0216052761318 |   0.0 |   0.0216052761318 |
|         17.0625 |   0.0206648086936 |   0.0 |   0.0206648086936 |
|   17.0833333333 |   0.0193707606492 |   0.0 |   0.0193707606492 |
|   17.1041666667 |   0.0177452735196 |   0.0 |   0.0177452735196 |
|          17.125 |   0.0158161598401 |   0.0 |   0.0158161598401 |
|   17.1458333333 |   0.0136164272806 |   0.0 |   0.0136164272806 |
|   17.1666666667 |   0.0111837138752 |   0.0 |   0.0111837138752 |
|         17.1875 |  0.00855964402473 |   0.0 |  0.00855964402473 |
|   17.2083333333 |  0.00578911629178 |   0.0 |  0.00578911629178 |
|   17.2291666667 |  0.00291953517403 |   0.0 |  0.00291953517403 |
|           17.25 | 5.47705525949e-17 |   0.0 | 5.47705525949e-17 |
|   17.2708333333 |               0.0 |   0.0 |               0.0 |
|   17.2916666667 |               0.0 |   0.0 |               0.0 |
|         17.3125 |               0.0 |   0.0 |               0.0 |
|   17.3333333333 |               0.0 |   0.0 |               0.0 |
|   17.3541666667 |               0.0 |   0.0 |               0.0 |
|          17.375 |               0.0 |   0.0 |               0.0 |
|   17.3958333333 |               0.0 |   0.0 |               0.0 |
|   17.4166666667 |               0.0 |   0.0 |               0.0 |
|         17.4375 |               0.0 |   0.0 |               0.0 |
|   17.4583333333 |               0.0 |   0.0 |               0.0 |
|   17.4791666667 |               0.0 |   0.0 |               0.0 |
|            17.5 |               0.0 |   0.0 |               0.0 |
|   17.5208333333 |               0.0 |   0.0 |               0.0 |
|   17.5416666667 |               0.0 |   0.0 |               0.0 |
|         17.5625 |               0.0 |   0.0 |               0.0 |
|   17.5833333333 |               0.0 |   0.0 |               0.0 |
|   17.6041666667 |               0.0 |   0.0 |               0.0 |
|          17.625 |               0.0 |   0.0 |               0.0 |
|   17.6458333333 |               0.0 |   0.0 |               0.0 |
|   17.6666666667 |               0.0 |   0.0 |               0.0 |
|         17.6875 |               0.0 |   0.0 |               0.0 |
|   17.7083333333 |               0.0 |   0.0 |               0.0 |
|   17.7291666667 |               0.0 |   0.0 |               0.0 |
|           17.75 | 2.19552940538e-17 |   0.0 | 2.19552940538e-17 |
|   17.7708333333 |  0.00291953517403 |   0.0 |  0.00291953517403 |
|   17.7916666667 |  0.00578911629178 |   0.0 |  0.00578911629178 |
|         17.8125 |  0.00855964402473 |   0.0 |  0.00855964402473 |
|   17.8333333333 |   0.0111837138752 |   0.0 |   0.0111837138752 |
|   17.8541666667 |   0.0136164272806 |   0.0 |   0.0136164272806 |
|          17.875 |   0.0158161598401 |   0.0 |   0.0158161598401 |
|   17.8958333333 |   0.0177452735196 |   0.0 |   0.0177452735196 |
|   17.9166666667 |   0.0193707606492 |   0.0 |   0.0193707606492 |
|         17.9375 |   0.0206648086936 |   0.0 |   0.0206648086936 |
|   17.9583333333 |   0.0216052761318 |   0.0 |   0.0216052761318 |
|   17.9791666667 |   0.0221760713054 |   0.0 |   0.0221760713054 |
|            18.0 |   0.0223674277505 |   0.0 |   0.0223674277505 |
|   18.0208333333 |   0.0221760713054 |   0.0 |   0.0221760713054 |
|   18.0416666667 |   0.0216052761318 |   0.0 |   0.0216052761318 |
|         18.0625 |   0.0206648086936 |   0.0 |   0.0206648086936 |
|   18.0833333333 |   0.0193707606492 |   0.0 |   0.0193707606492 |
|   18.1041666667 |   0.0177452735196 |   0.0 |   0.0177452735196 |
|          18.125 |   0.0158161598401 |   0.0 |   0.0158161598401 |
|   18.1458333333 |   0.0136164272806 |   0.0 |   0.0136164272806 |
|   18.1666666667 |   0.0111837138752 |   0.0 |   0.0111837138752 |
|         18.1875 |  0.00855964402473 |   0.0 |  0.00855964402473 |
|   18.2083333333 |  0.00578911629178 |   0.0 |  0.00578911629178 |
|   18.2291666667 |  0.00291953517403 |   0.0 |  0.00291953517403 |
|           18.25 | 2.19179125412e-16 |   0.0 | 2.19179125412e-16 |
|   18.2708333333 |               0.0 |   0.0 |               0.0 |
|   18.2916666667 |               0.0 |   0.0 |               0.0 |
|         18.3125 |               0.0 |   0.0 |               0.0 |
|   18.3333333333 |               0.0 |   0.0 |               0.0 |
|   18.3541666667 |               0.0 |   0.0 |               0.0 |
|          18.375 |               0.0 |   0.0 |               0.0 |
|   18.3958333333 |               0.0 |   0.0 |               0.0 |
|   18.4166666667 |               0.0 |   0.0 |               0.0 |
|         18.4375 |               0.0 |   0.0 |               0.0 |
|   18.4583333333 |               0.0 |   0.0 |               0.0 |
|   18.4791666667 |               0.0 |   0.0 |               0.0 |
|            18.5 |               0.0 |   0.0 |               0.0 |
|   18.5208333333 |               0.0 |   0.0 |               0.0 |
|   18.5416666667 |               0.0 |   0.0 |               0.0 |
|         18.5625 |               0.0 |   0.0 |               0.0 |
|   18.5833333333 |               0.0 |   0.0 |               0.0 |
|   18.6041666667 |               0.0 |   0.0 |               0.0 |
|          18.625 |               0.0 |   0.0 |               0.0 |
|   18.6458333333 |               0.0 |   0.0 |               0.0 |
|   18.6666666667 |               0.0 |   0.0 |               0.0 |
|         18.6875 |               0.0 |   0.0 |               0.0 |
|   18.7083333333 |               0.0 |   0.0 |               0.0 |
|   18.7291666667 |               0.0 |   0.0 |               0.0 |
|           18.75 |               0.0 |   0.0 |               0.0 |
|   18.7708333333 |  0.00291953517403 |   0.0 |  0.00291953517403 |
|   18.7916666667 |  0.00578911629178 |   0.0 |  0.00578911629178 |
|         18.8125 |  0.00855964402473 |   0.0 |  0.00855964402473 |
|   18.8333333333 |   0.0111837138752 |   0.0 |   0.0111837138752 |
|   18.8541666667 |   0.0136164272806 |   0.0 |   0.0136164272806 |
|          18.875 |   0.0158161598401 |   0.0 |   0.0158161598401 |
|   18.8958333333 |   0.0177452735196 |   0.0 |   0.0177452735196 |
|   18.9166666667 |   0.0193707606492 |   0.0 |   0.0193707606492 |
|         18.9375 |   0.0206648086936 |   0.0 |   0.0206648086936 |
|   18.9583333333 |   0.0216052761318 |   0.0 |   0.0216052761318 |
|   18.9791666667 |   0.0221760713054 |   0.0 |   0.0221760713054 |
|            19.0 |   0.0223674277505 |   0.0 |   0.0223674277505 |
|   19.0208333333 |   0.0221760713054 |   0.0 |   0.0221760713054 |
|   19.0416666667 |   0.0216052761318 |   0.0 |   0.0216052761318 |
|         19.0625 |   0.0206648086936 |   0.0 |   0.0206648086936 |
|   19.0833333333 |   0.0193707606492 |   0.0 |   0.0193707606492 |
|   19.1041666667 |   0.0177452735196 |   0.0 |   0.0177452735196 |
|          19.125 |   0.0158161598401 |   0.0 |   0.0158161598401 |
|   19.1458333333 |   0.0136164272806 |   0.0 |   0.0136164272806 |
|   19.1666666667 |   0.0111837138752 |   0.0 |   0.0111837138752 |
|         19.1875 |  0.00855964402473 |   0.0 |  0.00855964402473 |
|   19.2083333333 |  0.00578911629178 |   0.0 |  0.00578911629178 |
|   19.2291666667 |  0.00291953517403 |   0.0 |  0.00291953517403 |
|           19.25 | 6.57274321148e-17 |   0.0 | 6.57274321148e-17 |
|   19.2708333333 |               0.0 |   0.0 |               0.0 |
|   19.2916666667 |               0.0 |   0.0 |               0.0 |
|         19.3125 |               0.0 |   0.0 |               0.0 |
|   19.3333333333 |               0.0 |   0.0 |               0.0 |
|   19.3541666667 |               0.0 |   0.0 |               0.0 |
|          19.375 |               0.0 |   0.0 |               0.0 |
|   19.3958333333 |               0.0 |   0.0 |               0.0 |
|   19.4166666667 |               0.0 |   0.0 |               0.0 |
|         19.4375 |               0.0 |   0.0 |               0.0 |
|   19.4583333333 |               0.0 |   0.0 |               0.0 |
|   19.4791666667 |               0.0 |   0.0 |               0.0 |
|            19.5 |               0.0 |   0.0 |               0.0 |
|   19.5208333333 |               0.0 |   0.0 |               0.0 |
|   19.5416666667 |               0.0 |   0.0 |               0.0 |
|         19.5625 |               0.0 |   0.0 |               0.0 |
|   19.5833333333 |               0.0 |   0.0 |               0.0 |
|   19.6041666667 |               0.0 |   0.0 |               0.0 |
|          19.625 |               0.0 |   0.0 |               0.0 |
|   19.6458333333 |               0.0 |   0.0 |               0.0 |
|   19.6666666667 |               0.0 |   0.0 |               0.0 |
|         19.6875 |               0.0 |   0.0 |               0.0 |
|   19.7083333333 |               0.0 |   0.0 |               0.0 |
|   19.7291666667 |               0.0 |   0.0 |               0.0 |
|           19.75 | 1.09984145339e-17 |   0.0 | 1.09984145339e-17 |
|   19.7708333333 |  0.00291953517403 |   0.0 |  0.00291953517403 |
|   19.7916666667 |  0.00578911629178 |   0.0 |  0.00578911629178 |
|         19.8125 |  0.00855964402473 |   0.0 |  0.00855964402473 |
|   19.8333333333 |   0.0111837138752 |   0.0 |   0.0111837138752 |
|   19.8541666667 |   0.0136164272806 |   0.0 |   0.0136164272806 |
|          19.875 |   0.0158161598401 |   0.0 |   0.0158161598401 |
|   19.8958333333 |   0.0177452735196 |   0.0 |   0.0177452735196 |
|   19.9166666667 |   0.0193707606492 |   0.0 |   0.0193707606492 |
|         19.9375 |   0.0206648086936 |   0.0 |   0.0206648086936 |
|   19.9583333333 |   0.0216052761318 |   0.0 |   0.0216052761318 |
|   19.9791666667 |   0.0221760713054 |   0.0 |   0.0221760713054 |
