|            Time |             Spots |              Bands |               flux |
|             0.0 |               0.0 |    0.0149118164523 |    0.0149118164523 |
| 0.0208333333333 |               0.0 |     0.014872983571 |     0.014872983571 |
| 0.0416666666667 |               0.0 |    0.0147567930226 |    0.0147567930226 |
|          0.0625 |               0.0 |    0.0145641660433 |    0.0145641660433 |
| 0.0833333333333 |               0.0 |    0.0142966278891 |    0.0142966278891 |
|  0.104166666667 |               0.0 |    0.0139562927441 |    0.0139562927441 |
|           0.125 |               0.0 |    0.0135458428161 |    0.0135458428161 |
|  0.145833333333 |               0.0 |     0.013068501845 |     0.013068501845 |
|  0.166666666667 |               0.0 |    0.0125280033037 |    0.0125280033037 |
|          0.1875 |               0.0 |     0.011928553632 |     0.011928553632 |
|  0.208333333333 |               0.0 |    0.0112747908929 |    0.0112747908929 |
|  0.229166666667 |               0.0 |    0.0105717392933 |    0.0105717392933 |
|            0.25 |               0.0 |    0.0098247600502 |    0.0098247600502 |
|  0.270833333333 |               0.0 |   0.00903949912577 |   0.00903949912577 |
|  0.291666666667 |               0.0 |   0.00822183238499 |   0.00822183238499 |
|          0.3125 |               0.0 |   0.00737780875776 |   0.00737780875776 |
|  0.333333333333 |               0.0 |   0.00651359200662 |   0.00651359200662 |
|  0.354166666667 |               0.0 |   0.00563540171604 |   0.00563540171604 |
|           0.375 |               0.0 |   0.00474945412581 |   0.00474945412581 |
|  0.395833333333 |               0.0 |   0.00386190343183 |   0.00386190343183 |
|  0.416666666667 |               0.0 |   0.00297878417109 |   0.00297878417109 |
|          0.4375 |               0.0 |   0.00210595529493 |   0.00210595529493 |
|  0.458333333333 |               0.0 |   0.00124904651456 |   0.00124904651456 |
|  0.479166666667 |               0.0 |  0.000413407477653 |  0.000413407477653 |
|             0.5 |               0.0 | -0.000395939697574 | -0.000395939697574 |
|  0.520833333333 |               0.0 |  -0.00117434404187 |  -0.00117434404187 |
|  0.541666666667 |               0.0 |  -0.00191756506177 |  -0.00191756506177 |
|          0.5625 |               0.0 |  -0.00262180737536 |  -0.00262180737536 |
|  0.583333333333 |               0.0 |  -0.00328375031038 |  -0.00328375031038 |
|  0.604166666667 |               0.0 |  -0.00390057217379 |  -0.00390057217379 |
|           0.625 |               0.0 |  -0.00446996896054 |  -0.00446996896054 |
|  0.645833333333 |               0.0 |  -0.00499016733061 |  -0.00499016733061 |
|  0.666666666667 |               0.0 |  -0.00545993174623 |  -0.00545993174623 |
|          0.6875 |               0.0 |  -0.00587856572515 |  -0.00587856572515 |
|  0.708333333333 |               0.0 |  -0.00624590723059 |  -0.00624590723059 |
|  0.729166666667 |               0.0 |  -0.00656231828211 |  -0.00656231828211 |
|            0.75 |               0.0 |  -0.00682866893527 |  -0.00682866893527 |
|  0.770833333333 |               0.0 |   -0.0070463158388 |   -0.0070463158388 |
|  0.791666666667 |               0.0 |   -0.0072170756375 |   -0.0072170756375 |
|          0.8125 |               0.0 |  -0.00734319354453 |  -0.00734319354453 |
|  0.833333333333 |               0.0 |  -0.00742730745962 |  -0.00742730745962 |
|  0.854166666667 |               0.0 |  -0.00747240805735 |  -0.00747240805735 |
|           0.875 |               0.0 |  -0.00748179531334 |  -0.00748179531334 |
|  0.895833333333 |               0.0 |  -0.00745903197426 |  -0.00745903197426 |
|  0.916666666667 |               0.0 |  -0.00740789451004 |  -0.00740789451004 |
|          0.9375 |               0.0 |   -0.0073323221134 |   -0.0073323221134 |
|  0.958333333333 |               0.0 |  -0.00723636433185 |  -0.00723636433185 |
|  0.979166666667 |               0.0 |  -0.00712412793143 |  -0.00712412793143 |
|             1.0 |               0.0 |  -0.00699972359833 |  -0.00699972359833 |
|   1.02083333333 |               0.0 |  -0.00686721308518 |  -0.00686721308518 |
|   1.04166666667 |               0.0 |   -0.0067305574026 |   -0.0067305574026 |
|          1.0625 |               0.0 |   -0.0065935666434 |   -0.0065935666434 |
|   1.08333333333 |               0.0 |  -0.00645985200791 |  -0.00645985200791 |
|   1.10416666667 |               0.0 |  -0.00633278057284 |  -0.00633278057284 |
|           1.125 |               0.0 |   -0.0062154333146 |   -0.0062154333146 |
|   1.14583333333 |               0.0 |  -0.00611056686087 |  -0.00611056686087 |
|   1.16666666667 |               0.0 |  -0.00602057940135 |  -0.00602057940135 |
|          1.1875 |               0.0 |  -0.00594748114166 |  -0.00594748114166 |
|   1.20833333333 |               0.0 |  -0.00589286963275 |  -0.00589286963275 |
|   1.22916666667 |               0.0 |   -0.0058579102529 |   -0.0058579102529 |
|            1.25 |               0.0 |   -0.0058433220614 |   -0.0058433220614 |
|   1.27083333333 |               0.0 |  -0.00584936918214 |  -0.00584936918214 |
|   1.29166666667 |               0.0 |   -0.0058758578131 |   -0.0058758578131 |
|          1.3125 |               0.0 |  -0.00592213889426 |  -0.00592213889426 |
|   1.33333333333 |               0.0 |   -0.0059871164026 |   -0.0059871164026 |
|   1.35416666667 |               0.0 |  -0.00606926117962 |  -0.00606926117962 |
|           1.375 |               0.0 |  -0.00616663013412 |  -0.00616663013412 |
|   1.39583333333 |               0.0 |  -0.00627689060265 |  -0.00627689060265 |
|   1.41666666667 |               0.0 |  -0.00639734959148 |  -0.00639734959148 |
|          1.4375 |               0.0 |  -0.00652498756918 |  -0.00652498756918 |
|   1.45833333333 |               0.0 |  -0.00665649642678 |  -0.00665649642678 |
|   1.47916666667 |               0.0 |  -0.00678832117583 |  -0.00678832117583 |
|             1.5 |               0.0 |  -0.00691670491156 |  -0.00691670491156 |
|   1.52083333333 |               0.0 |  -0.00703773653143 |  -0.00703773653143 |
|   1.54166666667 |               0.0 |  -0.00714740066745 |  -0.00714740066745 |
|          1.5625 |               0.0 |  -0.00724162926496 |  -0.00724162926496 |
|   1.58333333333 |               0.0 |  -0.00731635422129 |  -0.00731635422129 |
|   1.60416666667 |               0.0 |  -0.00736756048456 |  -0.00736756048456 |
|           1.625 |               0.0 |  -0.00739133900674 |  -0.00739133900674 |
|   1.64583333333 |               0.0 |  -0.00738393894543 |  -0.00738393894543 |
|   1.66666666667 |               0.0 |  -0.00734181851594 |  -0.00734181851594 |
|          1.6875 |               0.0 |  -0.00726169390903 |  -0.00726169390903 |
|   1.70833333333 |               0.0 |  -0.00714058570975 |  -0.00714058570975 |
|   1.72916666667 |               0.0 |  -0.00697586227957 |  -0.00697586227957 |
|            1.75 |               0.0 |  -0.00676527959623 |  -0.00676527959623 |
|   1.77083333333 |               0.0 |  -0.00650701708391 |  -0.00650701708391 |
|   1.79166666667 |               0.0 |  -0.00619970900965 |  -0.00619970900965 |
|          1.8125 |               0.0 |     -0.00584247107 |     -0.00584247107 |
|   1.83333333333 |               0.0 |  -0.00543492184403 |  -0.00543492184403 |
|   1.85416666667 |               0.0 |  -0.00497719884484 |  -0.00497719884484 |
|           1.875 |               0.0 |  -0.00446996896054 |  -0.00446996896054 |
|   1.89583333333 |               0.0 |  -0.00391443313694 |  -0.00391443313694 |
|   1.91666666667 |               0.0 |  -0.00331232521747 |  -0.00331232521747 |
|          1.9375 |               0.0 |  -0.00266590491934 |  -0.00266590491934 |
|   1.95833333333 |               0.0 |  -0.00197794498997 |  -0.00197794498997 |
|   1.97916666667 |               0.0 |  -0.00125171265112 |  -0.00125171265112 |
|             2.0 |               0.0 | -0.000490945501375 | -0.000490945501375 |
|   2.02083333333 |               0.0 |  0.000300177891434 |  0.000300177891434 |
|   2.04166666667 |               0.0 |   0.00111707241748 |   0.00111707241748 |
|          2.0625 |               0.0 |   0.00195478552608 |   0.00195478552608 |
|   2.08333333333 |               0.0 |   0.00280804060299 |   0.00280804060299 |
|   2.10416666667 |               0.0 |   0.00367128417846 |   0.00367128417846 |
|           2.125 |               0.0 |   0.00453873647803 |   0.00453873647803 |
|   2.14583333333 |               0.0 |   0.00540444479034 |   0.00540444479034 |
|   2.16666666667 |               0.0 |   0.00626233909456 |   0.00626233909456 |
|          2.1875 |               0.0 |   0.00710628936402 |   0.00710628936402 |
|   2.20833333333 |               0.0 |   0.00793016394341 |   0.00793016394341 |
|   2.22916666667 |               0.0 |   0.00872788838362 |   0.00872788838362 |
|            2.25 |               0.0 |   0.00949350411228 |   0.00949350411228 |
|   2.27083333333 |               0.0 |    0.0102212263185 |    0.0102212263185 |
|   2.29166666667 |               0.0 |    0.0109055004373 |    0.0109055004373 |
|          2.3125 |               0.0 |    0.0115410566336 |    0.0115410566336 |
|   2.33333333333 |               0.0 |    0.0121229617053 |    0.0121229617053 |
|   2.35416666667 |               0.0 |    0.0126466678529 |    0.0126466678529 |
|           2.375 |               0.0 |    0.0131080577943 |    0.0131080577943 |
|   2.39583333333 |               0.0 |    0.0135034857438 |    0.0135034857438 |
|   2.41666666667 |               0.0 |    0.0138298138155 |    0.0138298138155 |
|          2.4375 |               0.0 |    0.0140844434628 |    0.0140844434628 |
|   2.45833333333 |               0.0 |    0.0142653416154 |    0.0142653416154 |
|   2.47916666667 |               0.0 |    0.0143710612339 |    0.0143710612339 |
|             2.5 |               0.0 |    0.0144007560598 |    0.0144007560598 |
|   2.52083333333 |               0.0 |    0.0143541894019 |    0.0143541894019 |
|   2.54166666667 |               0.0 |    0.0142317368636 |    0.0142317368636 |
|          2.5625 |               0.0 |    0.0140343829782 |    0.0140343829782 |
|   2.58333333333 |               0.0 |     0.013763711788 |     0.013763711788 |
|   2.60416666667 |               0.0 |    0.0134218914642 |    0.0134218914642 |
|           2.625 |               0.0 |    0.0130116531296 |    0.0130116531296 |
|   2.64583333333 |               0.0 |    0.0125362641091 |    0.0125362641091 |
|   2.66666666667 |               0.0 |    0.0119994958894 |    0.0119994958894 |
|          2.6875 |               0.0 |    0.0114055871296 |    0.0114055871296 |
|   2.70833333333 |               0.0 |    0.0107592021127 |    0.0107592021127 |
|   2.72916666667 |               0.0 |    0.0100653850804 |    0.0100653850804 |
|            2.75 |               0.0 |   0.00932951093433 |   0.00932951093433 |
|   2.77083333333 |               0.0 |    0.0085572328266 |    0.0085572328266 |
|   2.79166666667 |               0.0 |   0.00775442719528 |   0.00775442719528 |
|          2.8125 |               0.0 |   0.00692713682607 |   0.00692713682607 |
|   2.83333333333 |               0.0 |   0.00608151254278 |   0.00608151254278 |
|   2.85416666667 |               0.0 |   0.00522375414261 |   0.00522375414261 |
|           2.875 |               0.0 |    0.0043600511993 |    0.0043600511993 |
|   2.89583333333 |               0.0 |   0.00349652435776 |   0.00349652435776 |
|   2.91666666667 |               0.0 |   0.00263916773714 |   0.00263916773714 |
|          2.9375 |               0.0 |   0.00179379304658 |   0.00179379304658 |
|   2.95833333333 |               0.0 |  0.000965975997848 |  0.000965975997848 |
|   2.97916666667 |               0.0 |  0.000161005573415 |  0.000161005573415 |
|             3.0 |               0.0 | -0.000616163323541 | -0.000616163323541 |
|   3.02083333333 |               0.0 |  -0.00136095334849 |  -0.00136095334849 |
|   3.04166666667 |               0.0 |  -0.00206920387833 |  -0.00206920387833 |
|          3.0625 |               0.0 |  -0.00273720545945 |  -0.00273720545945 |
|   3.08333333333 |               0.0 |  -0.00336172919507 |  -0.00336172919507 |
|   3.10416666667 |               0.0 |  -0.00394005078132 |  -0.00394005078132 |
|           3.125 |               0.0 |  -0.00446996896054 |  -0.00446996896054 |
|   3.14583333333 |               0.0 |  -0.00494981822145 |  -0.00494981822145 |
|   3.16666666667 |               0.0 |  -0.00537847563891 |  -0.00537847563891 |
|          3.1875 |               0.0 |  -0.00575536180993 |  -0.00575536180993 |
|   3.20833333333 |               0.0 |  -0.00608043590747 |  -0.00608043590747 |
|   3.22916666667 |               0.0 |  -0.00635418493733 |  -0.00635418493733 |
|            3.25 |               0.0 |  -0.00657760734683 |  -0.00657760734683 |
|   3.27083333333 |               0.0 |  -0.00675219119533 |  -0.00675219119533 |
|   3.29166666667 |               0.0 |  -0.00687988715585 |  -0.00687988715585 |
|          3.3125 |               0.0 |  -0.00696307667273 |  -0.00696307667273 |
|   3.33333333333 |               0.0 |  -0.00700453565304 |  -0.00700453565304 |
|   3.35416666667 |               0.0 |  -0.00700739411735 |  -0.00700739411735 |
|           3.375 |               0.0 |    -0.006975092279 |    -0.006975092279 |
|   3.39583333333 |               0.0 |  -0.00691133355919 |  -0.00691133355919 |
|   3.41666666667 |               0.0 |  -0.00682003507773 |  -0.00682003507773 |
|          3.4375 |               0.0 |  -0.00670527618608 |  -0.00670527618608 |
|   3.45833333333 |               0.0 |  -0.00657124562931 |  -0.00657124562931 |
|   3.47916666667 |               0.0 |  -0.00642218793778 |  -0.00642218793778 |
|             3.5 |               0.0 |  -0.00626234965629 |  -0.00626234965629 |
|   3.52083333333 |               0.0 |  -0.00609592601901 |  -0.00609592601901 |
|   3.54166666667 |               0.0 |  -0.00592700867231 |  -0.00592700867231 |
|          3.5625 |               0.0 |   -0.0057595350346 |   -0.0057595350346 |
|   3.58333333333 |               0.0 |  -0.00559723986305 |  -0.00559723986305 |
|   3.60416666667 |               0.0 |  -0.00544360957132 |  -0.00544360957132 |
|           3.625 |               0.0 |  -0.00530183981073 |  -0.00530183981073 |
|   3.64583333333 |               0.0 |  -0.00517479679012 |  -0.00517479679012 |
|   3.66666666667 |               0.0 |  -0.00506498276698 |  -0.00506498276698 |
|          3.6875 |               0.0 |  -0.00497450609521 |  -0.00497450609521 |
|   3.70833333333 |               0.0 |  -0.00490505616332 |  -0.00490505616332 |
|   3.72916666667 |               0.0 |   -0.0048578835017 |   -0.0048578835017 |
|            3.75 |               0.0 |  -0.00483378527925 |  -0.00483378527925 |
|   3.77083333333 |               0.0 |  -0.00483309634895 |  -0.00483309634895 |
|   3.79166666667 |               0.0 |  -0.00485568593982 |  -0.00485568593982 |
|          3.8125 |               0.0 |  -0.00490096002875 |  -0.00490096002875 |
|   3.83333333333 |               0.0 |   -0.0049678693622 |   -0.0049678693622 |
|   3.85416666667 |               0.0 |  -0.00505492303424 |  -0.00505492303424 |
|           3.875 |               0.0 |  -0.00516020746464 |  -0.00516020746464 |
|   3.89583333333 |               0.0 |  -0.00528141056044 |  -0.00528141056044 |
|   3.91666666667 |               0.0 |  -0.00541585078576 |  -0.00541585078576 |
|          3.9375 |               0.0 |  -0.00556051080955 |  -0.00556051080955 |
|   3.95833333333 |               0.0 |  -0.00571207534919 |  -0.00571207534919 |
|   3.97916666667 |               0.0 |  -0.00586697278072 |  -0.00586697278072 |
|             4.0 |               0.0 |  -0.00602142004347 |  -0.00602142004347 |
|   4.02083333333 |               0.0 |  -0.00617147032993 |  -0.00617147032993 |
|   4.04166666667 |               0.0 |  -0.00631306301942 |  -0.00631306301942 |
|          4.0625 |               0.0 |  -0.00644207528867 |  -0.00644207528867 |
|   4.08333333333 |               0.0 |  -0.00655437481275 |  -0.00655437481275 |
|   4.10416666667 |               0.0 |  -0.00664587295683 |  -0.00664587295683 |
|           4.125 |               0.0 |  -0.00671257785273 |  -0.00671257785273 |
|   4.14583333333 |               0.0 |  -0.00675064675465 |  -0.00675064675465 |
|   4.16666666667 |               0.0 |  -0.00675643707544 |  -0.00675643707544 |
|          4.1875 | 0.000152697340635 |  -0.00672655551839 |  -0.00657385817776 |
|   4.20833333333 | 0.000306450095632 |  -0.00665790473966 |  -0.00635145464403 |
|   4.22916666667 | 0.000460786769833 |  -0.00654772700289 |  -0.00608694023305 |
|            4.25 | 0.000615229540819 |  -0.00639364431989 |  -0.00577841477907 |
|   4.27083333333 | 0.000769295737411 |  -0.00619369460932 |   -0.0054243988719 |
|   4.29166666667 | 0.000922499346501 |   -0.0059463634484 |   -0.0050238641019 |
|          4.3125 |  0.00107435254352 |  -0.00565061104079 |  -0.00457625849727 |
|   4.33333333333 |  0.00122436724176 |  -0.00530589407579 |  -0.00408152683404 |
|   4.35416666667 |  0.00137205665552 |  -0.00491218220989 |  -0.00354012555437 |
|           4.375 |  0.00151693687233 |  -0.00446996896054 |  -0.00295303208821 |
|   4.39583333333 |  0.00165852842887 |  -0.00398027686313 |  -0.00232174843426 |
|   4.41666666667 |   0.0017963578858 |  -0.00344465680532 |  -0.00164829891953 |
|          4.4375 |   0.0019299593961 |  -0.00286518151653 | -0.000935222120433 |
|   4.45833333333 |  0.00205887626196 |  -0.00224443325487 | -0.000185556992904 |
|   4.47916666667 |  0.00218266247494 |  -0.00158548579772 |  0.000597176677217 |
|             4.5 |   0.0023008842343 | -0.000891880904925 |   0.00140900332937 |
|   4.52083333333 |   0.0024131214384 | -0.000167599484426 |   0.00224552195398 |
|   4.54166666667 |  0.00251896914419 |  0.000582972250748 |   0.00310194139494 |
|          4.5625 |   0.0026180389896 |   0.00135508129026 |   0.00397312027986 |
|   4.58333333333 |  0.00270996057418 |   0.00214365060291 |   0.00485361117709 |
|   4.60416666667 |  0.00279438279301 |   0.00294332573832 |   0.00573770853133 |
|           4.625 |  0.00287097511935 |   0.00374852476749 |   0.00661949988683 |
|   4.64583333333 |  0.00293942883125 |   0.00455349103858 |   0.00749291986983 |
|   4.66666666667 |  0.00299945817804 |   0.00535234819222 |   0.00835180637026 |
|          4.6875 |  0.00305080148223 |    0.0061391568549 |   0.00918995833714 |
|   4.70833333333 |  0.00309322217283 |   0.00690797240977 |    0.0100011945826 |
|   4.72916666667 |  0.00312650974626 |   0.00765290323071 |     0.010779412977 |
|            4.75 |  0.00315048065124 |   0.00836816875978 |     0.011518649411 |
|   4.77083333333 |  0.00316497909412 |   0.00904815680826 |    0.0122131359024 |
|   4.79166666667 |  0.00316987776159 |   0.00968747946886 |    0.0128573572304 |
|          4.8125 |  0.00316507845767 |    0.0102810270406 |    0.0134461054982 |
|   4.83333333333 |  0.00315051265249 |    0.0108240193879 |    0.0139745320403 |
|   4.85416666667 |  0.00312614194028 |     0.011312054183 |    0.0144381961233 |
|           4.875 |  0.00309195840444 |    0.0117411515125 |    0.0148331099169 |
|   4.89583333333 |  0.00304798488798 |    0.0121077943674 |    0.0151557792553 |
|   4.91666666667 |  0.00299427516755 |     0.012408964581 |    0.0154032397485 |
|          4.9375 |     0.00293091403 |    0.0126421738252 |    0.0155730878552 |
|   4.95833333333 |  0.00285801725039 |    0.0128054893298 |    0.0156635065802 |
|   4.97916666667 |  0.00277573147084 |    0.0128975540461 |     0.015673285517 |
|             5.0 |  0.00268423397992 |    0.0129176010341 |     0.015601835014 |
|   5.02083333333 |  0.00258373239256 |    0.0128654619146 |    0.0154491943072 |
|   5.04166666667 |  0.00247446423081 |    0.0127415692934 |    0.0152160335242 |
|          5.0625 |  0.00235669640597 |     0.012546953125 |     0.014903649531 |
|   5.08333333333 |  0.00223072460333 |    0.0122832310532 |    0.0145139556565 |
|   5.10416666667 |  0.00209687257044 |    0.0119525928249 |    0.0140494653953 |
|           5.125 |  0.00195549131082 |    0.0115577789434 |    0.0135132702542 |
|   5.14583333333 |  0.00180695818485 |     0.011102053783 |    0.0129090119679 |
|   5.16666666667 |  0.00165167592012 |    0.0105891734503 |    0.0122408493704 |
|          5.1875 |  0.00149007153378 |    0.0100233487314 |    0.0115134202652 |
|   5.20833333333 |  0.00132259516973 |   0.00940920351897 |    0.0107317986887 |
|   5.22916666667 |  0.00114971885378 |   0.00875172915831 |   0.00990144801209 |
|            5.25 |  0.00097193517012 |   0.00805623519875 |   0.00902817036887 |
|   5.27083333333 | 0.000789755862941 |   0.00732829707162 |   0.00811805293457 |
|   5.29166666667 | 0.000603710366997 |   0.00657370125085 |   0.00717741161785 |
|          5.3125 | 0.000414344271429 |   0.00579838847765 |   0.00621273274907 |
|   5.33333333333 | 0.000222217721246 |   0.00500839565144 |   0.00523061337269 |
|   5.35416666667 | 2.79037611585e-05 |   0.00420979700266 |   0.00423770076381 |
|           5.375 |               0.0 |   0.00340864517009 |   0.00340864517009 |
|   5.39583333333 |               0.0 |   0.00261091280579 |   0.00261091280579 |
|   5.41666666667 |               0.0 |   0.00182243532394 |   0.00182243532394 |
|          5.4375 |               0.0 |   0.00104885539687 |   0.00104885539687 |
|   5.45833333333 |               0.0 |  0.000295569781796 |  0.000295569781796 |
|   5.47916666667 |               0.0 | -0.000432320964305 | -0.000432320964305 |
|             5.5 |               0.0 |  -0.00113005935638 |  -0.00113005935638 |
|   5.52083333333 |               0.0 |  -0.00179327395188 |  -0.00179327395188 |
|   5.54166666667 |               0.0 |  -0.00241801797575 |  -0.00241801797575 |
|          5.5625 |               0.0 |   -0.0030008032031 |   -0.0030008032031 |
|   5.58333333333 |               0.0 |  -0.00353862875498 |  -0.00353862875498 |
|   5.60416666667 |               0.0 |  -0.00402900451836 |  -0.00402900451836 |
|           5.625 |               0.0 |  -0.00446996896054 |  -0.00446996896054 |
|   5.64583333333 |               0.0 |   -0.0048601011693 |   -0.0048601011693 |
|   5.66666666667 |               0.0 |  -0.00519852701339 |  -0.00519852701339 |
|          5.6875 |               0.0 |  -0.00548491938195 |  -0.00548491938195 |
|   5.70833333333 |               0.0 |  -0.00571949252631 |  -0.00571949252631 |
|   5.72916666667 |               0.0 |  -0.00590299059151 |  -0.00590299059151 |
|            5.75 |               0.0 |  -0.00603667048843 |  -0.00603667048843 |
|   5.77083333333 |               0.0 |  -0.00612227931854 |  -0.00612227931854 |
|   5.79166666667 |               0.0 |  -0.00616202662272 |  -0.00616202662272 |
|          5.8125 |               0.0 |  -0.00615855178148 |  -0.00615855178148 |
|   5.83333333333 |               0.0 |  -0.00611488694625 |  -0.00611488694625 |
|   5.85416666667 |               0.0 |  -0.00603441592981 |  -0.00603441592981 |
|           5.875 |               0.0 |  -0.00592082952713 |  -0.00592082952713 |
|   5.89583333333 |               0.0 |  -0.00577807777626 |  -0.00577807777626 |
|   5.91666666667 |               0.0 |  -0.00561031970146 |  -0.00561031970146 |
|          5.9375 |               0.0 |  -0.00542187110726 |  -0.00542187110726 |
|   5.95833333333 |               0.0 |  -0.00521715101259 |  -0.00521715101259 |
|   5.97916666667 |               0.0 |  -0.00500062732776 |  -0.00500062732776 |
|             6.0 |               0.0 |  -0.00477676238448 |  -0.00477676238448 |
|   6.02083333333 |               0.0 |  -0.00454995892924 |  -0.00454995892924 |
|   6.04166666667 |               0.0 |  -0.00432450718431 |  -0.00432450718431 |
|          6.0625 |               0.0 |   -0.0041045335677 |   -0.0041045335677 |
|   6.08333333333 |               0.0 |   -0.0038939516438 |   -0.0038939516438 |
|   6.10416666667 |               0.0 |  -0.00369641585093 |  -0.00369641585093 |
|           6.125 |               0.0 |  -0.00351527852005 |  -0.00351527852005 |
|   6.14583333333 |               0.0 |   -0.0033535506618 |   -0.0033535506618 |
|   6.16666666667 |               0.0 |  -0.00321386695611 |  -0.00321386695611 |
|          6.1875 |               0.0 |  -0.00309845533156 |  -0.00309845533156 |
|   6.20833333333 |               0.0 |   -0.0030091114697 |   -0.0030091114697 |
|   6.22916666667 |               0.0 |  -0.00294717851457 |  -0.00294717851457 |
|            6.25 |               0.0 |  -0.00291353220904 |  -0.00291353220904 |
|   6.27083333333 |               0.0 |  -0.00290857161903 |  -0.00290857161903 |
|   6.29166666667 |               0.0 |  -0.00293221554381 |  -0.00293221554381 |
|          6.3125 |               0.0 |  -0.00298390464745 |  -0.00298390464745 |
|   6.33333333333 |               0.0 |  -0.00306260928199 |  -0.00306260928199 |
|   6.35416666667 |               0.0 |  -0.00316684290972 |  -0.00316684290972 |
|           6.375 |               0.0 |   -0.0032946809692 |   -0.0032946809692 |
|   6.39583333333 |               0.0 |  -0.00344378496865 |  -0.00344378496865 |
|   6.41666666667 |               0.0 |  -0.00361143153235 |  -0.00361143153235 |
|          6.4375 |               0.0 |  -0.00379454606964 |  -0.00379454606964 |
|   6.45833333333 |               0.0 |  -0.00398974068508 |  -0.00398974068508 |
|   6.47916666667 |               0.0 |  -0.00419335590017 |  -0.00419335590017 |
|             6.5 |               0.0 |  -0.00440150571476 |  -0.00440150571476 |
|   6.52083333333 |               0.0 |  -0.00461012549837 |  -0.00461012549837 |
|   6.54166666667 |               0.0 |  -0.00481502216994 |  -0.00481502216994 |
|          6.5625 | 0.000170952100435 |  -0.00501192609855 |  -0.00484097399812 |
|   6.58333333333 | 0.000411083607503 |  -0.00519654413795 |  -0.00478546053045 |
|   6.60416666667 | 0.000651484751184 |  -0.00536461319458 |  -0.00471312844339 |
|           6.625 | 0.000891418940231 |  -0.00551195372228 |  -0.00462053478205 |
|   6.64583333333 |  0.00113014645664 |  -0.00563452253706 |  -0.00450437608043 |
|   6.66666666667 |  0.00136692673533 |  -0.00572846435212 |  -0.00436153761679 |
|          6.6875 |  0.00160102065999 |  -0.00579016144683 |  -0.00418914078684 |
|   6.70833333333 |  0.00183169286793 |  -0.00581628090363 |   -0.0039845880357 |
|   6.72916666667 |  0.00205821405675 |  -0.00580381887263 |  -0.00374560481588 |
|            6.75 |  0.00227986328568 |  -0.00575014135641 |  -0.00347027807073 |
|   6.77083333333 |  0.00249593026426 |  -0.00565302104518 |  -0.00315709078093 |
|   6.79166666667 |  0.00270571762114 |  -0.00551066977553 |  -0.00280495215439 |
|          6.8125 |  0.00290854314579 |  -0.00532176623396 |  -0.00241322308817 |
|   6.83333333333 |   0.0031037419959 |  -0.00508547857847 |  -0.00198173658257 |
|   6.85416666667 |  0.00329066886338 |  -0.00480148170699 |  -0.00151081284361 |
|           6.875 |  0.00346870009202 |  -0.00446996896054 |  -0.00100126886852 |
|   6.89583333333 |  0.00363723573969 |  -0.00409165810966 |  -0.00045442236997 |
|   6.91666666667 |  0.00379570157859 |  -0.00366779153612 |  0.000127910042471 |
|          6.9375 |  0.00394355102669 |  -0.00320013058516 |  0.000743420441531 |
|   6.95833333333 |  0.00408026700411 |  -0.00269094412835 |   0.00138932287576 |
|   6.97916666667 |   0.0042053637081 |  -0.00214299144055 |   0.00206237226755 |
|             7.0 |  0.00431838830066 |  -0.00155949955744 |   0.00275888874322 |
|   7.02083333333 |  0.00441892250308 | -0.000944135341181 |    0.0034747871619 |
|   7.04166666667 |  0.00450658409175 | -0.000300972540013 |   0.00420561155174 |
|          7.0625 |  0.00458102829024 |  0.000365545816463 |    0.0049465741067 |
|   7.08333333333 |  0.00464194905249 |   0.00105064929315 |   0.00569259834564 |
|   7.10416666667 |   0.0046890802327 |   0.00174928575549 |   0.00643836598819 |
|           7.125 |  0.00472219663755 |   0.00245617042213 |   0.00717836705968 |
|   7.14583333333 |  0.00474111495678 |   0.00316583774292 |    0.0079069526997 |
|   7.16666666667 |  0.00474569456869 |    0.0038726955494 |   0.00861839011808 |
|          7.1875 |  0.00473583821725 |   0.00457108089881 |   0.00930691911606 |
|   7.20833333333 |  0.00471149255806 |   0.00525531701341 |   0.00996680957147 |
|   7.22916666667 |  0.00467264857074 |   0.00591977070368 |    0.0105924192744 |
|            7.25 |  0.00461934183575 |   0.00655890965768 |    0.0111782514934 |
|   7.27083333333 |  0.00455165267408 |   0.00716735897947 |    0.0117190116535 |
|   7.29166666667 |  0.00446970614853 |   0.00773995636634 |    0.0122096625149 |
|          7.3125 |  0.00437367192597 |   0.00827180532854 |    0.0126454772545 |
|   7.33333333333 |  0.00426376400025 |   0.00875832587566 |    0.0130220898759 |
|   7.35416666667 |  0.00414024027577 |   0.00919530212011 |    0.0133355423959 |
|           7.375 |  0.00400340201241 |    0.0095789262812 |    0.0135823282936 |
|   7.39583333333 |  0.00385359313272 |   0.00990583861117 |    0.0137594317439 |
|   7.41666666667 |  0.00369119939294 |    0.0101731628085 |    0.0138643622014 |
|          7.4375 |  0.00351664741952 |    0.0103785365315 |     0.013895183951 |
|   7.45833333333 |  0.00333040361362 |    0.0105201366788 |    0.0138505402924 |
|   7.47916666667 |  0.00313297292622 |    0.0105966991577 |    0.0137296720839 |
|             7.5 |  0.00292489750705 |    0.0106075329229 |      0.01353243043 |
|   7.52083333333 |  0.00270675523075 |    0.0105525281281 |    0.0132592833588 |
|   7.54166666667 |  0.00247915810446 |    0.0104321582963 |    0.0129113164008 |
|          7.5625 |  0.00224275056095 |    0.0102474764814 |    0.0124902270424 |
|   7.58333333333 |  0.00199820764217 |     0.010000105454 |    0.0119983130962 |
|   7.60416666667 |  0.00174623307819 |   0.00969222201403 |    0.0114384550922 |
|           7.625 |  0.00148755726715 |   0.00932653559239 |    0.0108140928595 |
|   7.64583333333 |  0.00122293516179 |   0.00890626136629 |    0.0101291965281 |
|   7.66666666667 | 0.000953144068857 |    0.0084350881731 |   0.00938823224196 |
|          7.6875 | 0.000678981367653 |   0.00791714156256 |   0.00859612293021 |
|   7.70833333333 |   0.0004012621545 |      0.00735694238 |    0.0077582045345 |
|   7.72916666667 | 0.000120816820038 |   0.00675936132135 |   0.00688017814139 |
|            7.75 |               0.0 |   0.00612956994389 |   0.00612956994389 |
|   7.77083333333 |               0.0 |   0.00547298865504 |   0.00547298865504 |
|   7.79166666667 |               0.0 |   0.00479523223374 |   0.00479523223374 |
|          7.8125 |               0.0 |   0.00410205346528 |   0.00410205346528 |
|   7.83333333333 |               0.0 |   0.00339928549077 |   0.00339928549077 |
|   7.85416666667 |               0.0 |    0.0026927834857 |    0.0026927834857 |
|           7.875 |               0.0 |   0.00198836628913 |   0.00198836628913 |
|   7.89583333333 |               0.0 |   0.00129175860503 |   0.00129175860503 |
|   7.91666666667 |               0.0 |  0.000608534390589 |  0.000608534390589 |
|          7.9375 |               0.0 |  -5.5937966782e-05 |  -5.5937966782e-05 |
|   7.95833333333 |               0.0 | -0.000696548102177 | -0.000696548102177 |
|   7.97916666667 |               0.0 |  -0.00130849320005 |  -0.00130849320005 |
|             8.0 |               0.0 |  -0.00188732407187 |  -0.00188732407187 |
|   8.02083333333 |               0.0 |  -0.00242898729921 |  -0.00242898729921 |
|   8.04166666667 |               0.0 |  -0.00292986299985 |  -0.00292986299985 |
|          8.0625 |               0.0 |  -0.00338679782259 |  -0.00338679782259 |
|   8.08333333333 |               0.0 |  -0.00379713282866 |  -0.00379713282866 |
|   8.10416666667 |               0.0 |  -0.00415872597335 |  -0.00415872597335 |
|           8.125 |               0.0 |  -0.00446996896054 |  -0.00446996896054 |
|   8.14583333333 |               0.0 |  -0.00472979830432 |  -0.00472979830432 |
|   8.16666666667 |               0.0 |  -0.00493770049492 |  -0.00493770049492 |
|          8.1875 |               0.0 |  -0.00509371123036 |  -0.00509371123036 |
|   8.20833333333 |               0.0 |  -0.00519840874008 |  -0.00519840874008 |
|   8.22916666667 |               0.0 |  -0.00525290129087 |  -0.00525290129087 |
|            8.25 |               0.0 |  -0.00525880902872 |  -0.00525880902872 |
|   8.27083333333 |               0.0 |  -0.00521824037179 |  -0.00521824037179 |
|   8.29166666667 |               0.0 |  -0.00513376322872 |  -0.00513376322872 |
|          8.3125 |               0.0 |  -0.00500837137259 |  -0.00500837137259 |
|   8.33333333333 |               0.0 |  -0.00484544635322 |  -0.00484544635322 |
|   8.35416666667 |               0.0 |  -0.00464871537887 |  -0.00464871537887 |
|           8.375 |               0.0 |  -0.00442220564135 |  -0.00442220564135 |
|   8.39583333333 |               0.0 |  -0.00417019559736 |  -0.00417019559736 |
|   8.41666666667 |               0.0 |  -0.00389716375084 |  -0.00389716375084 |
|          8.4375 |               0.0 |  -0.00360773550807 |  -0.00360773550807 |
|   8.45833333333 |               0.0 |   -0.0033066286973 |   -0.0033066286973 |
|   8.47916666667 |               0.0 |  -0.00299859835847 |  -0.00299859835847 |
|             8.5 |               0.0 |  -0.00268838141576 |  -0.00268838141576 |
|   8.52083333333 |               0.0 |  -0.00238064184598 |  -0.00238064184598 |
|   8.54166666667 |               0.0 |  -0.00207991694951 |  -0.00207991694951 |
|          8.5625 |               0.0 |  -0.00179056531734 |  -0.00179056531734 |
|   8.58333333333 |               0.0 |  -0.00151671706858 |  -0.00151671706858 |
|   8.60416666667 |               0.0 |  -0.00126222690645 |  -0.00126222690645 |
|           8.625 |               0.0 |  -0.00103063050941 |  -0.00103063050941 |
|   8.64583333333 |               0.0 | -0.000825104736304 | -0.000825104736304 |
|   8.66666666667 |               0.0 | -0.000648432081783 | -0.000648432081783 |
|          8.6875 |               0.0 | -0.000502969770684 | -0.000502969770684 |
|   8.70833333333 |               0.0 | -0.000390623828334 | -0.000390623828334 |
|   8.72916666667 |               0.0 | -0.000312828408285 | -0.000312828408285 |
|            8.75 |               0.0 | -0.000270530600476 | -0.000270530600476 |
|   8.77083333333 |               0.0 | -0.000264180881886 | -0.000264180881886 |
|   8.79166666667 |               0.0 | -0.000293729309042 | -0.000293729309042 |
|          8.8125 |               0.0 |  -0.00035862748801 |  -0.00035862748801 |
|   8.83333333333 |               0.0 | -0.000457836293336 | -0.000457836293336 |
|   8.85416666667 |               0.0 | -0.000589839243678 | -0.000589839243678 |
|           8.875 |               0.0 | -0.000752661379057 | -0.000752661379057 |
|   8.89583333333 |               0.0 | -0.000943893423715 | -0.000943893423715 |
|   8.91666666667 |               0.0 |  -0.00116072095991 |  -0.00116072095991 |
|          8.9375 |  0.00013969176814 |   -0.0013999582824 |  -0.00126026651426 |
|   8.95833333333 | 0.000466287298027 |  -0.00165808655156 |  -0.00119179925354 |
|   8.97916666667 | 0.000792986941096 |  -0.00193129581523 |  -0.00113830887413 |
|             9.0 |  0.00111879463302 |  -0.00221553042654 |  -0.00109673579353 |
|   9.02083333333 |  0.00144271245914 |  -0.00250653734739 |  -0.00106382488825 |
|   9.04166666667 |  0.00176374371048 |   -0.0027999167948 |  -0.00103617308432 |
|          9.0625 |  0.00208089594974 |  -0.00309117466176 |  -0.00101027871202 |
|   9.08333333333 |  0.00239318407776 |   -0.0033757761239 | -0.000982592046136 |
|   9.10416666667 |  0.00269963339117 |  -0.00364919983038 | -0.000949566439214 |
|           9.125 |  0.00299928262151 |  -0.00390699207051 | -0.000907709448998 |
|   9.14583333333 |  0.00329118694656 |  -0.00414482030758 | -0.000853633361015 |
|   9.16666666667 |  0.00357442096433 |  -0.00435852547843 | -0.000784104514104 |
|          9.1875 |  0.00384808162037 |  -0.00454417247031 |  -0.00069609084994 |
|   9.20833333333 |  0.00411129107927 |  -0.00469809820667 | -0.000586807127397 |
|   9.22916666667 |  0.00436319953109 |   -0.0048169567997 | -0.000453757268604 |
|            9.25 |  0.00460298792388 |  -0.00489776125942 | -0.000294773335538 |
|   9.27083333333 |  0.00482987061349 |  -0.00493792128707 | -0.000108050673583 |
|   9.29166666667 |  0.00504309792215 |  -0.00493527672341 |  0.000107821198741 |
|          9.3125 |  0.00524195859755 |   -0.0048881262704 |  0.000353832327153 |
|   9.33333333333 |  0.00542578216434 |  -0.00479525115665 |  0.000630531007693 |
|   9.35416666667 |  0.00559394116039 |  -0.00465593347265 |  0.000938007687741 |
|           9.375 |  0.00574585325042 |  -0.00446996896054 |   0.00127588428989 |
|   9.39583333333 |  0.00588098320992 |   -0.0042376741041 |   0.00164330910582 |
|   9.41666666667 |   0.0059988447727 |  -0.00395988742774 |   0.00203895734495 |
|          9.4375 |  0.00609900233579 |  -0.00363796497667 |   0.00246103735912 |
|   9.45833333333 |  0.00618107251589 |  -0.00327377001511 |   0.00290730250078 |
|   9.47916666667 |  0.00624472555177 |   -0.0028696570429 |   0.00337506850887 |
|             9.5 |  0.00628968654788 |  -0.00242845029365 |   0.00386123625424 |
|   9.52083333333 |  0.00631573655446 |  -0.00195341693873 |   0.00436231961573 |
|   9.54166666667 |  0.00632271348024 |  -0.00144823527988 |   0.00487447820035 |
|          9.5625 |   0.0063105128342 | -0.000916958268635 |   0.00539355456557 |
|   9.58333333333 |  0.00627908829338 | -0.000363972742715 |   0.00591511555067 |
|   9.60416666667 |  0.00622845209423 |  0.000206045182873 |    0.0064344972771 |
|           9.625 |  0.00615867524559 |  0.000788178089651 |   0.00694685333524 |
|   9.64583333333 |  0.00606988756194 |   0.00137731807629 |   0.00744720563823 |
|   9.66666666667 |  0.00596227751598 |   0.00196821987612 |    0.0079304973921 |
|          9.6875 |  0.00583609191031 |   0.00255555569574 |   0.00839164760606 |
|   9.70833333333 |  0.00569163536847 |   0.00313397117926 |   0.00882560654773 |
|   9.72916666667 |  0.00552926964611 |   0.00369814188971 |   0.00922741153582 |
|            9.75 |  0.00534941276377 |   0.00424282969272 |   0.00959224245649 |
|   9.77083333333 |   0.0051525379631 |   0.00476293842789 |   0.00991547639099 |
|   9.79166666667 |  0.00493917248908 |   0.00525356826021 |    0.0101927407493 |
|          9.8125 |  0.00470989620126 |   0.00571006811779 |    0.0104199643191 |
|   9.83333333333 |  0.00446534001757 |   0.00612808564224 |    0.0105934256598 |
|   9.85416666667 |  0.00420618419488 |   0.00650361410445 |    0.0107097982993 |
|           9.875 |  0.00393315645087 |   0.00683303577127 |    0.0107661922221 |
|   9.89583333333 |  0.00364702993238 |    0.0071131612465 |    0.0107601911789 |
|   9.91666666667 |  0.00334862103587 |   0.00734126435314 |     0.010689885389 |
|          9.9375 |  0.00303878708612 |   0.00751511217184 |     0.010553899258 |
|   9.95833333333 |   0.0027184238797 |   0.00763298990303 |    0.0103514137827 |
|   9.97916666667 |   0.0023884631003 |    0.0076937202761 |    0.0100821833764 |
|            10.0 |  0.00204986961323 |   0.00769667728818 |   0.00974654690141 |
|   10.0208333333 |  0.00170363864713 |   0.00764179411649 |   0.00934543276362 |
|   10.0416666667 |  0.00135079287092 |   0.00752956511155 |   0.00888035798248 |
|         10.0625 | 0.000992379374696 |   0.00736104184262 |   0.00835342121732 |
|   10.0833333333 | 0.000629466563398 |    0.0071378232316 |   0.00776728979499 |
|   10.1041666667 |  0.00026314097254 |   0.00686203987561 |   0.00712518084815 |
|          10.125 |               0.0 |   0.00653633272188 |   0.00653633272188 |
|   10.1458333333 |               0.0 |   0.00616382631963 |   0.00616382631963 |
|   10.1666666667 |               0.0 |   0.00574809693314 |   0.00574809693314 |
|         10.1875 |               0.0 |   0.00529313585545 |   0.00529313585545 |
|   10.2083333333 |               0.0 |   0.00480330831503 |   0.00480330831503 |
|   10.2291666667 |               0.0 |   0.00428330841507 |   0.00428330841507 |
|           10.25 |               0.0 |   0.00373811058875 |   0.00373811058875 |
|   10.2708333333 |               0.0 |   0.00317291809135 |   0.00317291809135 |
|   10.2916666667 |               0.0 |   0.00259310908267 |   0.00259310908267 |
|         10.3125 |               0.0 |   0.00200418087905 |   0.00200418087905 |
|   10.3333333333 |               0.0 |   0.00141169297462 |   0.00141169297462 |
|   10.3541666667 |               0.0 |  0.000821209444426 |  0.000821209444426 |
|          10.375 |               0.0 |  0.000238241348975 |  0.000238241348975 |
|   10.3958333333 |               0.0 | -0.000331810240255 | -0.000331810240255 |
|   10.4166666667 |               0.0 | -0.000883709981799 | -0.000883709981799 |
|         10.4375 |               0.0 |  -0.00141244217238 |  -0.00141244217238 |
|   10.4583333333 |               0.0 |   -0.0019132622431 |   -0.0019132622431 |
|   10.4791666667 |               0.0 |  -0.00238174529072 |  -0.00238174529072 |
|            10.5 |               0.0 |  -0.00281383112349 |  -0.00281383112349 |
|   10.5208333333 |               0.0 |  -0.00320586533878 |  -0.00320586533878 |
|   10.5416666667 |               0.0 |  -0.00355463599343 |  -0.00355463599343 |
|         10.5625 |               0.0 |  -0.00385740547516 |  -0.00385740547516 |
|   10.5833333333 |               0.0 |  -0.00411193723628 |  -0.00411193723628 |
|   10.6041666667 |               0.0 |  -0.00431651710646 |  -0.00431651710646 |
|          10.625 |               0.0 |  -0.00446996896054 |  -0.00446996896054 |
|   10.6458333333 |               0.0 |  -0.00457166457881 |  -0.00457166457881 |
|   10.6666666667 |               0.0 |  -0.00462152760041 |  -0.00462152760041 |
|         10.6875 |               0.0 |  -0.00462003153474 |  -0.00462003153474 |
|   10.7083333333 |               0.0 |   -0.0045681918604 |   -0.0045681918604 |
|   10.7291666667 |               0.0 |   -0.0044675523056 |   -0.0044675523056 |
|           10.75 |               0.0 |  -0.00432016546703 |  -0.00432016546703 |
|   10.7708333333 |               0.0 |  -0.00412856798599 |  -0.00412856798599 |
|   10.7916666667 |               0.0 |  -0.00389575055919 |  -0.00389575055919 |
|         10.8125 |               0.0 |  -0.00362512311825 |  -0.00362512311825 |
|   10.8333333333 |               0.0 |  -0.00332047556391 |  -0.00332047556391 |
|   10.8541666667 |               0.0 |  -0.00298593448919 |  -0.00298593448919 |
|          10.875 |               0.0 |  -0.00262591636914 |  -0.00262591636914 |
|   10.8958333333 |               0.0 |  -0.00224507773294 |  -0.00224507773294 |
|   10.9166666667 |               0.0 |  -0.00184826286658 |  -0.00184826286658 |
|         10.9375 |               0.0 |  -0.00144044962078 |  -0.00144044962078 |
|   10.9583333333 |               0.0 |  -0.00102669391906 |  -0.00102669391906 |
|   10.9791666667 |               0.0 |  -0.00061207357438 |  -0.00061207357438 |
|            11.0 |               0.0 | -0.000201632029944 | -0.000201632029944 |
|   11.0208333333 |               0.0 |  0.000199677360118 |  0.000199677360118 |
|   11.0416666667 |               0.0 |  0.000587045900928 |  0.000587045900928 |
|         11.0625 |               0.0 |  0.000955862381761 |  0.000955862381761 |
|   11.0833333333 |               0.0 |   0.00130176357923 |   0.00130176357923 |
|   11.1041666667 |               0.0 |   0.00162068188825 |   0.00162068188825 |
|          11.125 |               0.0 |   0.00190888956236 |   0.00190888956236 |
|   11.1458333333 |               0.0 |   0.00216303908246 |   0.00216303908246 |
|   11.1666666667 |               0.0 |   0.00238019921607 |   0.00238019921607 |
|         11.1875 |               0.0 |   0.00255788637692 |   0.00255788637692 |
|   11.2083333333 |               0.0 |   0.00269409094637 |   0.00269409094637 |
|   11.2291666667 |               0.0 |   0.00278729827414 |   0.00278729827414 |
|           11.25 |               0.0 |   0.00283650413412 |   0.00283650413412 |
|   11.2708333333 |               0.0 |   0.00284122447256 |   0.00284122447256 |
|   11.2916666667 |               0.0 |   0.00280149934841 |   0.00280149934841 |
|         11.3125 | 5.89294464425e-05 |   0.00271789102984 |   0.00277682047628 |
|   11.3333333333 | 0.000471996909704 |   0.00259147627511 |   0.00306347318481 |
|   11.3541666667 | 0.000885151915271 |   0.00242383289002 |    0.0033089848053 |
|          11.375 |  0.00129713845374 |   0.00221702071701 |   0.00351415917074 |
|   11.3958333333 |  0.00170669949495 |   0.00197355727219 |   0.00368025676715 |
|   11.4166666667 |  0.00211258082311 |   0.00169638830563 |   0.00380896912875 |
|         11.4375 |  0.00251353487698 |   0.00138885361549 |   0.00390238849247 |
|   11.4583333333 |  0.00290832458349 |   0.00105464849916 |   0.00396297308265 |
|   11.4791666667 |  0.00329572717295 |   0.00069778127229 |   0.00399350844524 |
|            11.5 |  0.00367453796413 |  0.000322527329395 |   0.00399706529353 |
|   11.5208333333 |   0.0040435741074 |  -6.6619741766e-05 |   0.00397695436564 |
|   11.5416666667 |  0.00440167827448 | -0.000464999448201 |   0.00393667882628 |
|         11.5625 |  0.00474772228311 | -0.000867837511599 |   0.00387988477151 |
|   11.5833333333 |  0.00508061064548 |  -0.00127030022985 |   0.00381031041563 |
|   11.6041666667 |   0.0053992840291 |  -0.00166754947633 |   0.00373173455278 |
|          11.625 |   0.0057027226194 |  -0.00205479772632 |   0.00364792489308 |
|   11.6458333333 |  0.00598994937316 |  -0.00242736249978 |   0.00356258687338 |
|   11.6666666667 |   0.0062600331527 |  -0.00278071961626 |   0.00347931353643 |
|         11.6875 |  0.00651209173054 |  -0.00311055467116 |   0.00340153705938 |
|   11.7083333333 |  0.00674529465513 |  -0.00341281216198 |   0.00333248249315 |
|   11.7291666667 |  0.00695886596812 |  -0.00368374171966 |   0.00327512424846 |
|           11.75 |  0.00715208676458 |  -0.00391994093169 |    0.0032321458329 |
|   11.7708333333 |  0.00732429758763 |  -0.00411839428169 |   0.00320590330595 |
|   11.7916666667 |  0.00747490064959 |  -0.00427650777297 |   0.00319839287662 |
|         11.8125 |  0.00760336187229 |  -0.00439213885108 |   0.00321122302121 |
|   11.8333333333 |  0.00770921273969 |  -0.00446362129252 |   0.00324559144717 |
|   11.8541666667 |  0.00779205195636 |  -0.00448978478215 |   0.00330226717422 |
|          11.875 |  0.00785154690626 |  -0.00446996896054 |   0.00338157794572 |
|   11.8958333333 |  0.00788743490648 |  -0.00440403178356 |   0.00348340312292 |
|   11.9166666667 |  0.00789952425157 |  -0.00429235209916 |    0.0036071721524 |
|         11.9375 |  0.00788769504442 |  -0.00413582641024 |   0.00375186863418 |
|   11.9583333333 |  0.00785189981051 |  -0.00393585985656 |   0.00391603995395 |
|   11.9791666667 |   0.0077921638928 |  -0.00369435151265 |   0.00409781238014 |
|            12.0 |  0.00770858562544 |  -0.00341367416114 |    0.0042949114643 |
|   12.0208333333 |  0.00760133628496 |  -0.00309664876222 |   0.00450468752274 |
|   12.0416666667 |  0.00747065981829 |  -0.00274651389843 |   0.00472414591986 |
|         12.0625 |  0.00731687234774 |  -0.00236689052946 |   0.00494998181828 |
|   12.0833333333 |  0.00714036145372 |  -0.00196174244355 |   0.00517861901017 |
|   12.1041666667 |  0.00694158523666 |   -0.0015353328399 |   0.00540625239676 |
|          12.125 |  0.00672107116008 |  -0.00109217751886 |   0.00562889364122 |
|   12.1458333333 |  0.00647941467797 |    -0.000636995195 |   0.00584241948297 |
|   12.1666666667 |  0.00621727764959 | -0.000174655479452 |   0.00604262217014 |
|         12.1875 |  0.00593538654608 |  0.000289874895574 |   0.00622526144165 |
|   12.2083333333 |  0.00563453045354 |  0.000751587017845 |   0.00638611747139 |
|   12.2291666667 |  0.00531555887815 |   0.00120548529611 |   0.00652104417426 |
|           12.25 |   0.0049793793592 |   0.00164664290898 |   0.00662602226817 |
|   12.2708333333 |  0.00462695489687 |   0.00207025658971 |   0.00669721148658 |
|   12.2916666667 |  0.00425930120198 |   0.00247170014199 |   0.00673100134397 |
|         12.3125 |  0.00387748377544 |   0.00284657609517 |    0.0067240598706 |
|   12.3333333333 |  0.00348261482586 |    0.0031907649276 |   0.00667337975346 |
|   12.3541666667 |  0.00307585003432 |   0.00350047131306 |   0.00657632134739 |
|          12.375 |  0.00265838517541 |   0.00377226687753 |   0.00643065205293 |
|   12.3958333333 |   0.0022314526047 |   0.00400312899154 |   0.00623458159624 |
|   12.4166666667 |  0.00179631762282 |   0.00419047516678 |    0.0059867927896 |
|         12.4375 |  0.00135427472685 |   0.00433219267308 |   0.00568646739993 |
|   12.4583333333 | 0.000906643760191 |   0.00442666304474 |   0.00533330680494 |
|   12.4791666667 | 0.000454765972273 |   0.00447278120051 |   0.00492754717278 |
|            12.5 | 5.48363804635e-17 |   0.00446996896054 |   0.00446996896054 |
|   12.5208333333 |               0.0 |   0.00441818280523 |   0.00441818280523 |
|   12.5416666667 |               0.0 |   0.00431791578346 |   0.00431791578346 |
|         12.5625 |               0.0 |   0.00417019354203 |   0.00417019354203 |
|   12.5833333333 |               0.0 |   0.00397656451262 |   0.00397656451262 |
|   12.6041666667 |               0.0 |   0.00373908435636 |   0.00373908435636 |
|          12.625 |               0.0 |   0.00346029482928 |   0.00346029482928 |
|   12.6458333333 |               0.0 |   0.00314319729307 |   0.00314319729307 |
|   12.6666666667 |               0.0 |   0.00279122115434 |   0.00279122115434 |
|         12.6875 |               0.0 |   0.00240818757125 |   0.00240818757125 |
|   12.7083333333 |               0.0 |   0.00199826881855 |   0.00199826881855 |
|   12.7291666667 |               0.0 |   0.00156594374962 |   0.00156594374962 |
|           12.75 |               0.0 |   0.00111594983729 |   0.00111594983729 |
|   12.7708333333 |               0.0 |  0.000653232312864 |  0.000653232312864 |
|   12.7916666667 |               0.0 |  0.000182890954752 |  0.000182890954752 |
|         12.8125 |               0.0 | -0.000289874895574 | -0.000289874895574 |
|   12.8333333333 |               0.0 | -0.000759822493146 | -0.000759822493146 |
|   12.8541666667 |               0.0 |  -0.00122172241398 |  -0.00122172241398 |
|          12.875 |               0.0 |   -0.0016704152274 |   -0.0016704152274 |
|   12.8958333333 |               0.0 |  -0.00210086749942 |  -0.00210086749942 |
|   12.9166666667 |               0.0 |  -0.00250822651698 |  -0.00250822651698 |
|         12.9375 |               0.0 |  -0.00288787313696 |  -0.00288787313696 |
|   12.9583333333 |               0.0 |   -0.0032354721835 |   -0.0032354721835 |
|   12.9791666667 |               0.0 |  -0.00354701984391 |  -0.00354701984391 |
|            13.0 |               0.0 |  -0.00381888754566 |  -0.00381888754566 |
|   13.0208333333 |               0.0 |  -0.00404786183525 |  -0.00404786183525 |
|   13.0416666667 |               0.0 |  -0.00423117982284 |  -0.00423117982284 |
|         13.0625 |               0.0 |  -0.00436655980487 |  -0.00436655980487 |
|   13.0833333333 |               0.0 |  -0.00445222672904 |  -0.00445222672904 |
|   13.1041666667 |               0.0 |  -0.00448693222218 |  -0.00448693222218 |
|          13.125 |               0.0 |  -0.00446996896054 |  -0.00446996896054 |
|   13.1458333333 |               0.0 |  -0.00440117922359 |  -0.00440117922359 |
|   13.1666666667 |               0.0 |  -0.00428095753568 |  -0.00428095753568 |
|         13.1875 |               0.0 |  -0.00411024736402 |  -0.00411024736402 |
|   13.2083333333 |               0.0 |  -0.00389053190643 |  -0.00389053190643 |
|   13.2291666667 |               0.0 |  -0.00362381906621 |  -0.00362381906621 |
|           13.25 |               0.0 |  -0.00331262077512 |  -0.00331262077512 |
|   13.2708333333 |               0.0 |  -0.00295992688647 |  -0.00295992688647 |
|   13.2916666667 |               0.0 |  -0.00256917391995 |  -0.00256917391995 |
|         13.3125 |               0.0 |  -0.00214420899526 |  -0.00214420899526 |
|   13.3333333333 |               0.0 |  -0.00168924934427 |  -0.00168924934427 |
|   13.3541666667 |               0.0 |  -0.00120883783954 |  -0.00120883783954 |
|          13.375 |               0.0 | -0.000707795019946 | -0.000707795019946 |
|   13.3958333333 |               0.0 | -0.000191168132647 | -0.000191168132647 |
|   13.4166666667 |               0.0 |  0.000335822257251 |  0.000335822257251 |
|         13.4375 |               0.0 |  0.000867837511599 |  0.000867837511599 |
|   13.4583333333 |               0.0 |    0.0013994774208 |    0.0013994774208 |
|   13.4791666667 |               0.0 |   0.00192533735074 |   0.00192533735074 |
|            13.5 |               0.0 |   0.00244006541687 |   0.00244006541687 |
|   13.5208333333 |               0.0 |   0.00293841906703 |   0.00293841906703 |
|   13.5416666667 |               0.0 |   0.00341532046137 |   0.00341532046137 |
|         13.5625 |               0.0 |   0.00386591005093 |   0.00386591005093 |
|   13.5833333333 |               0.0 |    0.0042855977763 |    0.0042855977763 |
|   13.6041666667 |               0.0 |   0.00467011133394 |   0.00467011133394 |
|          13.625 |               0.0 |    0.0050155409898 |    0.0050155409898 |
|   13.6458333333 |               0.0 |   0.00531838045788 |   0.00531838045788 |
|   13.6666666667 |               0.0 |   0.00557556340429 |   0.00557556340429 |
|         13.6875 |               0.0 |   0.00578449518527 |   0.00578449518527 |
|   13.7083333333 | 0.000428187910459 |   0.00594307947979 |   0.00637126739025 |
|   13.7291666667 |  0.00092787784615 |   0.00604973953317 |   0.00697761737932 |
|           13.75 |  0.00142627158582 |   0.00610343378695 |   0.00752970537277 |
|   13.7708333333 |   0.0019218522967 |    0.0061036657316 |    0.0080255180283 |
|   13.7916666667 |  0.00241310712332 |   0.00605048788183 |   0.00846359500516 |
|         13.8125 |  0.00289853180539 |   0.00594449983819 |   0.00884303164358 |
|   13.8333333333 |  0.00337663528322 |   0.00578684046333 |   0.00916347574655 |
|   13.8541666667 |  0.00384594427664 |   0.00557917426545 |   0.00942511854209 |
|          13.875 |  0.00430500782328 |   0.00532367214444 |   0.00962867996772 |
|   13.8958333333 |  0.00475240176227 |   0.00502298671788 |   0.00977538848015 |
|   13.9166666667 |  0.00518673314954 |   0.00468022250271 |   0.00986695565225 |
|         13.9375 |  0.00560664459102 |   0.00429890128465 |   0.00990554587568 |
|   13.9583333333 |  0.00601081848024 |   0.00388292305961 |   0.00989374153985 |
|   13.9791666667 |  0.00639798112714 |    0.0034365229792 |   0.00983450410635 |
|            14.0 |  0.00676690676521 |   0.00296422477621 |   0.00973113154142 |
|   14.0208333333 |  0.00711642142425 |   0.00247079118336 |    0.0095872126076 |
|   14.0416666667 |  0.00744540665673 |   0.00196117189166 |   0.00940657854839 |
|         14.0625 |  0.00775280310574 |   0.00144044962078 |   0.00919325272652 |
|   14.0833333333 |  0.00803761390332 |  0.000913784893977 |    0.0089513987973 |
|   14.1041666667 |  0.00829890788827 |  0.000386360123963 |   0.00868526801223 |
|          14.125 |  0.00853582263305 | -0.000136676377127 |   0.00839914625592 |
|   14.1458333333 |  0.00874756727006 |  -0.00065026585013 |   0.00809730141993 |
|   14.1666666667 |  0.00893342510802 |  -0.00114949339663 |   0.00778393171139 |
|         14.1875 |  0.00909275602991 |  -0.00162964054817 |   0.00746311548174 |
|   14.2083333333 |  0.00922499866448 |  -0.00208623552275 |   0.00713876314173 |
|   14.2291666667 |  0.00932967232408 |  -0.00251510062014 |   0.00681457170394 |
|           14.25 |  0.00940637870224 |  -0.00291239623977 |   0.00649398246247 |
|   14.2708333333 |  0.00945480332509 |  -0.00327466104231 |   0.00618014228278 |
|   14.2916666667 |  0.00947471675146 |    -0.003598847819 |   0.00587586893247 |
|         14.3125 |  0.00946597551743 |  -0.00388235468036 |   0.00558362083707 |
|   14.3333333333 |  0.00942852282147 |  -0.00412305122779 |   0.00530547159368 |
|   14.3541666667 |  0.00936238894759 |  -0.00431929942693 |   0.00504308952066 |
|          14.375 |   0.0092676914243 |  -0.00446996896054 |   0.00479772246377 |
|   14.3958333333 |  0.00914463491818 |  -0.00457444689928 |    0.0045701880189 |
|   14.4166666667 |  0.00899351086164 |  -0.00463264159193 |   0.00436086926971 |
|         14.4375 |  0.00881469681532 |  -0.00464498073995 |   0.00416971607537 |
|   14.4583333333 |  0.00860865556616 |  -0.00461240368597 |   0.00399625188019 |
|   14.4791666667 |  0.00837593396328 |  -0.00453634800912 |   0.00383958595416 |
|            14.5 |  0.00811716149444 |  -0.00441873058332 |   0.00369843091112 |
|   14.5208333333 |  0.00783304860669 |  -0.00426192331541 |   0.00357112529128 |
|   14.5416666667 |   0.0075243847756 |  -0.00406872383884 |   0.00345566093676 |
|         14.5625 |  0.00719203632825 |  -0.00384232149404 |   0.00334971483421 |
|   14.5833333333 |  0.00683694402594 |  -0.00358625897874 |   0.00325068504721 |
|   14.6041666667 |  0.00646012041336 |  -0.00330439009907 |   0.00315573031429 |
|          14.625 |  0.00606264694152 |  -0.00300083409524 |   0.00306181284628 |
|   14.6458333333 |  0.00564567087277 |   -0.0026799270534 |   0.00296574381937 |
|   14.6666666667 |  0.00521040197657 |  -0.00234617094722 |   0.00286423102935 |
|         14.6875 |  0.00475810902556 |  -0.00200418087905 |   0.00275392814651 |
|   14.7083333333 |  0.00429011610218 |  -0.00165863111007 |   0.00263148499211 |
|   14.7291666667 |  0.00380779872631 |  -0.00131420048237 |   0.00249359824394 |
|           14.75 |  0.00331257981555 | -0.000975517842477 |   0.00233706197307 |
|   14.7708333333 |  0.00280592548973 | -0.000647108075749 |   0.00215881741398 |
|   14.7916666667 |  0.00228934073222 | -0.000333339354495 |   0.00195600137772 |
|         14.8125 |  0.00176436492071 | -3.83721890354e-05 |   0.00172599273168 |
|   14.8333333333 |  0.00123256724085 |    0.0002338891488 |   0.00146645638965 |
|   14.8541666667 | 0.000695541996337 |    0.0004798422865 |   0.00117538428284 |
|          14.875 | 0.000154903829482 |  0.000696228984926 |  0.000851132814408 |
|   14.8958333333 |               0.0 |  0.000880173472292 |  0.000880173472292 |
|   14.9166666667 |               0.0 |   0.00102921644781 |   0.00102921644781 |
|         14.9375 |               0.0 |   0.00114134437249 |   0.00114134437249 |
|   14.9583333333 |               0.0 |   0.00121501371665 |   0.00121501371665 |
|   14.9791666667 |               0.0 |   0.00124916988924 |   0.00124916988924 |
|            15.0 |               0.0 |   0.00124326063289 |   0.00124326063289 |
|   15.0208333333 |               0.0 |   0.00119724372964 |   0.00119724372964 |
|   15.0416666667 |               0.0 |   0.00111158892518 |   0.00111158892518 |
|         15.0625 |               0.0 |  0.000987274043272 |  0.000987274043272 |
|   15.0833333333 |               0.0 |  0.000825775326265 |  0.000825775326265 |
|   15.1041666667 |               0.0 |  0.000629052101407 |  0.000629052101407 |
|          15.125 |               0.0 |  0.000399525935538 |  0.000399525935538 |
|   15.1458333333 |               0.0 |  0.000140054501683 |  0.000140054501683 |
|   15.1666666667 |               0.0 | -0.000146099560306 | -0.000146099560306 |
|         15.1875 |               0.0 | -0.000455304451377 | -0.000455304451377 |
|   15.2083333333 |               0.0 | -0.000783599299672 | -0.000783599299672 |
|   15.2291666667 |               0.0 |  -0.00112673808857 |  -0.00112673808857 |
|           15.25 |               0.0 |  -0.00148023694646 |  -0.00148023694646 |
|   15.2708333333 |               0.0 |  -0.00183942428073 |  -0.00183942428073 |
|   15.2916666667 |               0.0 |  -0.00219949320666 |  -0.00219949320666 |
|         15.3125 |               0.0 |  -0.00255555569574 |  -0.00255555569574 |
|   15.3333333333 |               0.0 |  -0.00290269784872 |  -0.00290269784872 |
|   15.3541666667 |               0.0 |  -0.00323603568526 |  -0.00323603568526 |
|          15.375 |               0.0 |  -0.00355077083592 |  -0.00355077083592 |
|   15.3958333333 |               0.0 |   -0.0038422455222 |   -0.0038422455222 |
|   15.4166666667 |               0.0 |  -0.00410599621782 |  -0.00410599621782 |
|         15.4375 |               0.0 |  -0.00433780539778 |  -0.00433780539778 |
|   15.4583333333 |               0.0 |  -0.00453375080205 |  -0.00453375080205 |
|   15.4791666667 |               0.0 |  -0.00469025166741 |  -0.00469025166741 |
|            15.5 |               0.0 |  -0.00480411141316 |  -0.00480411141316 |
|   15.5208333333 |               0.0 |    -0.004872556305 |    -0.004872556305 |
|   15.5416666667 |               0.0 |  -0.00489326966429 |  -0.00489326966429 |
|         15.5625 |               0.0 |  -0.00486442123844 |  -0.00486442123844 |
|   15.5833333333 |               0.0 |  -0.00478469140046 |  -0.00478469140046 |
|   15.6041666667 |               0.0 |  -0.00465328990163 |  -0.00465328990163 |
|          15.625 |               0.0 |  -0.00446996896054 |  -0.00446996896054 |
|   15.6458333333 |               0.0 |  -0.00423503053309 |  -0.00423503053309 |
|   15.6666666667 |               0.0 |  -0.00394932767156 |  -0.00394932767156 |
|         15.6875 |               0.0 |  -0.00361425994471 |  -0.00361425994471 |
|   15.7083333333 |               0.0 |  -0.00323176295599 |  -0.00323176295599 |
|   15.7291666667 |               0.0 |  -0.00280429206083 |  -0.00280429206083 |
|           15.75 |               0.0 |  -0.00233480044739 |  -0.00233480044739 |
|   15.7708333333 |               0.0 |  -0.00182671180644 |  -0.00182671180644 |
|   15.7916666667 |               0.0 |  -0.00128388787527 |  -0.00128388787527 |
|         15.8125 |               0.0 | -0.000710591196106 | -0.000710591196106 |
|   15.8333333333 |               0.0 | -0.000111443482103 | -0.000111443482103 |
|   15.8541666667 |               0.0 |  0.000508619968256 |  0.000508619968256 |
|          15.875 |               0.0 |   0.00114439932424 |   0.00114439932424 |
|   15.8958333333 |               0.0 |   0.00179048222141 |   0.00179048222141 |
|   15.9166666667 |               0.0 |    0.0024412981513 |    0.0024412981513 |
|         15.9375 |               0.0 |   0.00309117466176 |   0.00309117466176 |
|   15.9583333333 |               0.0 |    0.0037343947674 |    0.0037343947674 |
|   15.9791666667 |               0.0 |   0.00436525495637 |   0.00436525495637 |
|            16.0 |               0.0 |   0.00497812317281 |   0.00497812317281 |
|   16.0208333333 |               0.0 |   0.00556749615455 |   0.00556749615455 |
|   16.0416666667 |               0.0 |    0.0061280555121 |    0.0061280555121 |
|         16.0625 |               0.0 |   0.00665472194881 |   0.00665472194881 |
|   16.0833333333 |               0.0 |   0.00714270704184 |   0.00714270704184 |
|   16.1041666667 |               0.0 |   0.00758756202985 |   0.00758756202985 |
|          16.125 |               0.0 |   0.00798522308586 |   0.00798522308586 |
|   16.1458333333 |               0.0 |   0.00833205259158 |   0.00833205259158 |
|   16.1666666667 |               0.0 |   0.00862487597274 |   0.00862487597274 |
|         16.1875 |               0.0 |   0.00886101370312 |   0.00886101370312 |
|   16.2083333333 |               0.0 |   0.00903830813725 |   0.00903830813725 |
|   16.2291666667 |               0.0 |   0.00915514488762 |   0.00915514488762 |
|           16.25 |               0.0 |   0.00921046852155 |   0.00921046852155 |
|   16.2708333333 |               0.0 |   0.00920379241402 |   0.00920379241402 |
|   16.2916666667 |               0.0 |   0.00913520265654 |   0.00913520265654 |
|         16.3125 |               0.0 |   0.00900535598579 |   0.00900535598579 |
|   16.3333333333 |               0.0 |   0.00881547176118 |   0.00881547176118 |
|   16.3541666667 |               0.0 |   0.00856731808421 |   0.00856731808421 |
|          16.375 |               0.0 |   0.00826319221621 |   0.00826319221621 |
|   16.3958333333 |               0.0 |   0.00790589551259 |   0.00790589551259 |
|   16.4166666667 |               0.0 |   0.00749870315052 |   0.00749870315052 |
|         16.4375 |               0.0 |   0.00704532898375 |   0.00704532898375 |
|   16.4583333333 |               0.0 |   0.00654988591004 |   0.00654988591004 |
|   16.4791666667 |               0.0 |   0.00601684218531 |   0.00601684218531 |
|            16.5 |               0.0 |   0.00545097416202 |   0.00545097416202 |
|   16.5208333333 |               0.0 |   0.00485731596744 |   0.00485731596744 |
|   16.5416666667 |               0.0 |    0.0042411066699 |    0.0042411066699 |
|         16.5625 |               0.0 |   0.00360773550807 |   0.00360773550807 |
|   16.5833333333 |               0.0 |   0.00296268577824 |   0.00296268577824 |
|   16.6041666667 |               0.0 |   0.00231147798838 |   0.00231147798838 |
|          16.625 |               0.0 |   0.00165961289508 |   0.00165961289508 |
|   16.6458333333 |               0.0 |   0.00101251503954 |   0.00101251503954 |
|   16.6666666667 |               0.0 |  0.000375477392685 |  0.000375477392685 |
|         16.6875 |               0.0 | -0.000246392293831 | -0.000246392293831 |
|   16.7083333333 |               0.0 | -0.000848222853213 | -0.000848222853213 |
|   16.7291666667 |               0.0 |  -0.00142542823434 |  -0.00142542823434 |
|           16.75 |               0.0 |  -0.00197375267809 |  -0.00197375267809 |
|   16.7708333333 |               0.0 |  -0.00248931205703 |  -0.00248931205703 |
|   16.7916666667 |               0.0 |  -0.00296863093932 |  -0.00296863093932 |
|         16.8125 |               0.0 |  -0.00340867498475 |  -0.00340867498475 |
|   16.8333333333 |               0.0 |  -0.00380687833328 |  -0.00380687833328 |
|   16.8541666667 |               0.0 |  -0.00416116570142 |  -0.00416116570142 |
|          16.875 |               0.0 |  -0.00446996896054 |  -0.00446996896054 |
|   16.8958333333 |               0.0 |  -0.00473223803239 |  -0.00473223803239 |
|   16.9166666667 |               0.0 |  -0.00494744599954 |  -0.00494744599954 |
|         16.9375 |               0.0 |  -0.00511558839252 |  -0.00511558839252 |
|   16.9583333333 |               0.0 |  -0.00523717667955 |  -0.00523717667955 |
|   16.9791666667 |               0.0 |  -0.00531322604869 |  -0.00531322604869 |
|            17.0 |               0.0 |  -0.00534523763493 |  -0.00534523763493 |
|   17.0208333333 |               0.0 |  -0.00533517540609 |  -0.00533517540609 |
|   17.0416666667 |               0.0 |  -0.00528543797976 |  -0.00528543797976 |
|         17.0625 |               0.0 |  -0.00519882569963 |  -0.00519882569963 |
|   17.0833333333 |               0.0 |  -0.00507850335112 |  -0.00507850335112 |
|   17.1041666667 |               0.0 |  -0.00492795894435 |  -0.00492795894435 |
|          17.125 |               0.0 |   -0.0047509590354 |   -0.0047509590354 |
|   17.1458333333 |               0.0 |  -0.00455150109467 |  -0.00455150109467 |
|   17.1666666667 |               0.0 |  -0.00433376346337 |  -0.00433376346337 |
|         17.1875 |               0.0 |  -0.00410205346528 |  -0.00410205346528 |
|   17.2083333333 |               0.0 |  -0.00386075426114 |  -0.00386075426114 |
|   17.2291666667 |               0.0 |  -0.00361427104606 |  -0.00361427104606 |
|           17.25 |               0.0 |  -0.00336697719762 |  -0.00336697719762 |
|   17.2708333333 |               0.0 |  -0.00312316098203 |  -0.00312316098203 |
|   17.2916666667 |               0.0 |  -0.00288697341947 |  -0.00288697341947 |
|         17.3125 |               0.0 |  -0.00266237789614 |  -0.00266237789614 |
|   17.3333333333 |               0.0 |  -0.00245310209116 |  -0.00245310209116 |
|   17.3541666667 |               0.0 |  -0.00226259276016 |  -0.00226259276016 |
|          17.375 |               0.0 |  -0.00209397388559 |  -0.00209397388559 |
|   17.3958333333 |               0.0 |  -0.00195000866612 |  -0.00195000866612 |
|   17.4166666667 |               0.0 |  -0.00183306577459 |  -0.00183306577459 |
|         17.4375 |               0.0 |  -0.00174509026633 |  -0.00174509026633 |
|   17.4583333333 |               0.0 |  -0.00168757946814 |  -0.00168757946814 |
|   17.4791666667 |               0.0 |  -0.00166156412232 |  -0.00166156412232 |
|            17.5 |               0.0 |  -0.00166759500184 |  -0.00166759500184 |
|   17.5208333333 |               0.0 |  -0.00170573515196 |  -0.00170573515196 |
|   17.5416666667 |               0.0 |  -0.00177555785061 |  -0.00177555785061 |
|         17.5625 |               0.0 |  -0.00187615031642 |  -0.00187615031642 |
|   17.5833333333 |               0.0 |  -0.00200612312908 |  -0.00200612312908 |
|   17.6041666667 |               0.0 |  -0.00216362526326 |  -0.00216362526326 |
|          17.625 |               0.0 |  -0.00234636457439 |  -0.00234636457439 |
|   17.6458333333 |               0.0 |  -0.00255163351398 |  -0.00255163351398 |
|   17.6666666667 |               0.0 |  -0.00277633979373 |  -0.00277633979373 |
|         17.6875 |               0.0 |  -0.00301704166213 |  -0.00301704166213 |
|   17.7083333333 |               0.0 |   -0.0032699874058 |   -0.0032699874058 |
|   17.7291666667 |               0.0 |  -0.00353115864014 |  -0.00353115864014 |
|           17.75 |               0.0 |  -0.00379631691141 |  -0.00379631691141 |
|   17.7708333333 |               0.0 |   -0.0040610530947 |   -0.0040610530947 |
|   17.7916666667 |               0.0 |  -0.00432083904082 |  -0.00432083904082 |
|         17.8125 |               0.0 |  -0.00457108089881 |  -0.00457108089881 |
|   17.8333333333 |               0.0 |  -0.00480717352199 |  -0.00480717352199 |
|   17.8541666667 |               0.0 |   -0.0050245553519 |   -0.0050245553519 |
|          17.875 |               0.0 |   -0.0052187631684 |   -0.0052187631684 |
|   17.8958333333 |               0.0 |  -0.00538548609481 |  -0.00538548609481 |
|   17.9166666667 |               0.0 |  -0.00552061825368 |  -0.00552061825368 |
|         17.9375 |               0.0 |  -0.00562030948288 |  -0.00562030948288 |
|   17.9583333333 |               0.0 |  -0.00568101354192 |  -0.00568101354192 |
|   17.9791666667 |               0.0 |  -0.00569953326495 |  -0.00569953326495 |
|            18.0 |               0.0 |  -0.00567306214936 |  -0.00567306214936 |
|   18.0208333333 |               0.0 |  -0.00559922190736 |  -0.00559922190736 |
|   18.0416666667 |               0.0 |  -0.00547609555105 |  -0.00547609555105 |
|         18.0625 |               0.0 |  -0.00530225562995 |  -0.00530225562995 |
|   18.0833333333 |               0.0 |  -0.00507678729208 |  -0.00507678729208 |
|   18.1041666667 |               0.0 |  -0.00479930589608 |  -0.00479930589608 |
|          18.125 |               0.0 |  -0.00446996896054 |  -0.00446996896054 |
|   18.1458333333 |               0.0 |  -0.00408948229875 |  -0.00408948229875 |
|   18.1666666667 |               0.0 |  -0.00365910024974 |  -0.00365910024974 |
|         18.1875 |               0.0 |  -0.00318061998114 |  -0.00318061998114 |
|   18.2083333333 |               0.0 |  -0.00265636990387 |  -0.00265636990387 |
|   18.2291666667 |               0.0 |  -0.00208919230272 |  -0.00208919230272 |
|           18.25 |               0.0 |  -0.00148242035039 |  -0.00148242035039 |
|   18.2708333333 |               0.0 | -0.000839849733507 | -0.000839849733507 |
|   18.2916666667 |               0.0 | -0.000165705178305 | -0.000165705178305 |
|         18.3125 |               0.0 |  0.000535397780418 |  0.000535397780418 |
|   18.3333333333 |               0.0 |   0.00125849539158 |   0.00125849539158 |
|   18.3541666667 |               0.0 |   0.00199832219774 |   0.00199832219774 |
|          18.375 |               0.0 |   0.00274936097601 |   0.00274936097601 |
|   18.3958333333 |               0.0 |    0.0035058955856 |    0.0035058955856 |
|   18.4166666667 |               0.0 |   0.00426206616535 |   0.00426206616535 |
|         18.4375 |               0.0 |   0.00501192609855 |   0.00501192609855 |
|   18.4583333333 |               0.0 |   0.00574950014254 |   0.00574950014254 |
|   18.4791666667 |               0.0 |   0.00646884310735 |   0.00646884310735 |
|            18.5 |               0.0 |   0.00716409846103 |   0.00716409846103 |
|   18.5208333333 |               0.0 |   0.00782955623949 |   0.00782955623949 |
|   18.5416666667 |               0.0 |   0.00845970964561 |   0.00845970964561 |
|         18.5625 |               0.0 |   0.00904930973605 |   0.00904930973605 |
|   18.5833333333 |               0.0 |   0.00959341761429 |   0.00959341761429 |
|   18.6041666667 |               0.0 |    0.0100874535748 |    0.0100874535748 |
|          18.625 |               0.0 |     0.010527242676 |     0.010527242676 |
|   18.6458333333 |               0.0 |    0.0109090562576 |    0.0109090562576 |
|   18.6666666667 |               0.0 |    0.0112296489614 |    0.0112296489614 |
|         18.6875 |               0.0 |    0.0114862908626 |    0.0114862908626 |
|   18.7083333333 |               0.0 |     0.011676794372 |     0.011676794372 |
|   18.7291666667 |               0.0 |    0.0117995356248 |    0.0117995356248 |
|           18.75 |               0.0 |    0.0118534701301 |    0.0118534701301 |
|   18.7708333333 |               0.0 |    0.0118381425203 |    0.0118381425203 |
|   18.7916666667 |               0.0 |    0.0117536902979 |    0.0117536902979 |
|         18.8125 |               0.0 |    0.0116008415467 |    0.0116008415467 |
|   18.8333333333 |               0.0 |    0.0113809066355 |    0.0113809066355 |
|   18.8541666667 |               0.0 |    0.0110957640097 |    0.0110957640097 |
|          18.875 |               0.0 |    0.0107478402269 |    0.0107478402269 |
|   18.8958333333 |               0.0 |    0.0103400844571 |    0.0103400844571 |
|   18.9166666667 |               0.0 |   0.00987593772574 |   0.00987593772574 |
|         18.9375 |               0.0 |   0.00935929723411 |   0.00935929723411 |
|   18.9583333333 |               0.0 |   0.00879447614484 |   0.00879447614484 |
|   18.9791666667 |               0.0 |   0.00818615926856 |   0.00818615926856 |
|            19.0 |               0.0 |   0.00753935513075 |   0.00753935513075 |
|   19.0208333333 |               0.0 |   0.00685934493673 |   0.00685934493673 |
|   19.0416666667 |               0.0 |   0.00615162898518 |   0.00615162898518 |
|         19.0625 |               0.0 |   0.00542187110726 |   0.00542187110726 |
|   19.0833333333 |               0.0 |   0.00467584172886 |   0.00467584172886 |
|   19.1041666667 |               0.0 |   0.00391936016728 |   0.00391936016728 |
|          19.125 |               0.0 |   0.00315823678086 |   0.00315823678086 |
|   19.1458333333 |               0.0 |   0.00239821559049 |   0.00239821559049 |
|   19.1666666667 |               0.0 |   0.00164491798571 |   0.00164491798571 |
|         19.1875 |               0.0 |  0.000903788115065 |  0.000903788115065 |
|   19.2083333333 |               0.0 |  0.000180040540788 |  0.000180040540788 |
|   19.2291666667 |               0.0 | -0.000521389287591 | -0.000521389287591 |
|           19.25 |               0.0 |  -0.00119589121837 |  -0.00119589121837 |
|   19.2708333333 |               0.0 |  -0.00183922275639 |  -0.00183922275639 |
|   19.2916666667 |               0.0 |   -0.0024475471531 |   -0.0024475471531 |
|         19.3125 |               0.0 |  -0.00301746683316 |  -0.00301746683316 |
|   19.3333333333 |               0.0 |  -0.00354605181481 |  -0.00354605181481 |
|   19.3541666667 |               0.0 |  -0.00403086283643 |  -0.00403086283643 |
|          19.375 |               0.0 |  -0.00446996896054 |  -0.00446996896054 |
|   19.3958333333 |               0.0 |  -0.00486195948738 |  -0.00486195948738 |
|   19.4166666667 |               0.0 |  -0.00520595007322 |  -0.00520595007322 |
|         19.4375 |               0.0 |  -0.00550158301201 |  -0.00550158301201 |
|   19.4583333333 |               0.0 |  -0.00574902170365 |  -0.00574902170365 |
|   19.4791666667 |               0.0 |  -0.00594893939602 |  -0.00594893939602 |
|            19.5 |               0.0 |  -0.00610250235042 |  -0.00610250235042 |
|   19.5208333333 |               0.0 |  -0.00621134764183 |  -0.00621134764183 |
|   19.5416666667 |               0.0 |  -0.00627755586373 |  -0.00627755586373 |
|         19.5625 |               0.0 |  -0.00630361906328 |  -0.00630361906328 |
|   19.5833333333 |               0.0 |  -0.00629240428447 |  -0.00629240428447 |
|   19.6041666667 |               0.0 |  -0.00624711314511 |  -0.00624711314511 |
|          19.625 |               0.0 |  -0.00617123791635 |  -0.00617123791635 |
|   19.6458333333 |               0.0 |  -0.00606851461163 |  -0.00606851461163 |
|   19.6666666667 |               0.0 |  -0.00594287362404 |  -0.00594287362404 |
|         19.6875 |               0.0 |  -0.00579838847765 |  -0.00579838847765 |
|   19.7083333333 |               0.0 |  -0.00563922327825 |  -0.00563922327825 |
|   19.7291666667 |               0.0 |  -0.00546957946265 |  -0.00546957946265 |
|           19.75 |               0.0 |  -0.00529364245248 |  -0.00529364245248 |
|   19.7708333333 |               0.0 |  -0.00511552881899 |  -0.00511552881899 |
|   19.7916666667 |               0.0 |  -0.00493923455843 |  -0.00493923455843 |
|         19.8125 |               0.0 |  -0.00476858506501 |  -0.00476858506501 |
|   19.8333333333 |               0.0 |  -0.00460718736835 |  -0.00460718736835 |
|   19.8541666667 |               0.0 |  -0.00445838517688 |  -0.00445838517688 |
|          19.875 |               0.0 |  -0.00432521723657 |  -0.00432521723657 |
|   19.8958333333 |               0.0 |  -0.00421037947696 |  -0.00421037947696 |
|   19.9166666667 |               0.0 |  -0.00411619137378 |  -0.00411619137378 |
|         19.9375 |               0.0 |  -0.00404456690994 |  -0.00404456690994 |
|   19.9583333333 |               0.0 |  -0.00399699046515 |  -0.00399699046515 |
|   19.9791666667 |               0.0 |  -0.00397449790886 |  -0.00397449790886 |
