|            Time |             Spots |              Bands |               flux |
|             0.0 |               0.0 |    0.0149118164523 |    0.0149118164523 |
| 0.0208333333333 |               0.0 |     0.014872983571 |     0.014872983571 |
| 0.0416666666667 |               0.0 |    0.0147567930226 |    0.0147567930226 |
|          0.0625 |               0.0 |    0.0145641660433 |    0.0145641660433 |
| 0.0833333333333 |               0.0 |    0.0142966278891 |    0.0142966278891 |
|  0.104166666667 |               0.0 |    0.0139562927441 |    0.0139562927441 |
|           0.125 |               0.0 |    0.0135458428161 |    0.0135458428161 |
|  0.145833333333 |               0.0 |     0.013068501845 |     0.013068501845 |
|  0.166666666667 |               0.0 |    0.0125280033037 |    0.0125280033037 |
|          0.1875 |               0.0 |     0.011928553632 |     0.011928553632 |
|  0.208333333333 |               0.0 |    0.0112747908929 |    0.0112747908929 |
|  0.229166666667 |               0.0 |    0.0105717392933 |    0.0105717392933 |
|            0.25 |               0.0 |    0.0098247600502 |    0.0098247600502 |
|  0.270833333333 |               0.0 |   0.00903949912577 |   0.00903949912577 |
|  0.291666666667 |               0.0 |   0.00822183238499 |   0.00822183238499 |
|          0.3125 |               0.0 |   0.00737780875776 |   0.00737780875776 |
|  0.333333333333 |               0.0 |   0.00651359200662 |   0.00651359200662 |
|  0.354166666667 |               0.0 |   0.00563540171604 |   0.00563540171604 |
|           0.375 |               0.0 |   0.00474945412581 |   0.00474945412581 |
|  0.395833333333 |               0.0 |   0.00386190343183 |   0.00386190343183 |
|  0.416666666667 |               0.0 |   0.00297878417109 |   0.00297878417109 |
|          0.4375 |               0.0 |   0.00210595529493 |   0.00210595529493 |
|  0.458333333333 |               0.0 |   0.00124904651456 |   0.00124904651456 |
|  0.479166666667 |               0.0 |  0.000413407477653 |  0.000413407477653 |
|             0.5 |               0.0 | -0.000395939697574 | -0.000395939697574 |
|  0.520833333333 |               0.0 |  -0.00117434404187 |  -0.00117434404187 |
|  0.541666666667 |               0.0 |  -0.00191756506177 |  -0.00191756506177 |
|          0.5625 |               0.0 |  -0.00262180737536 |  -0.00262180737536 |
|  0.583333333333 |               0.0 |  -0.00328375031038 |  -0.00328375031038 |
|  0.604166666667 |               0.0 |  -0.00390057217379 |  -0.00390057217379 |
|           0.625 |               0.0 |  -0.00446996896054 |  -0.00446996896054 |
|  0.645833333333 |               0.0 |  -0.00499016733061 |  -0.00499016733061 |
|  0.666666666667 |               0.0 |  -0.00545993174623 |  -0.00545993174623 |
|          0.6875 |               0.0 |  -0.00587856572515 |  -0.00587856572515 |
|  0.708333333333 |               0.0 |  -0.00624590723059 |  -0.00624590723059 |
|  0.729166666667 |               0.0 |  -0.00656231828211 |  -0.00656231828211 |
|            0.75 |               0.0 |  -0.00682866893527 |  -0.00682866893527 |
|  0.770833333333 |               0.0 |   -0.0070463158388 |   -0.0070463158388 |
|  0.791666666667 |               0.0 |   -0.0072170756375 |   -0.0072170756375 |
|          0.8125 |               0.0 |  -0.00734319354453 |  -0.00734319354453 |
|  0.833333333333 |               0.0 |  -0.00742730745962 |  -0.00742730745962 |
|  0.854166666667 |               0.0 |  -0.00747240805735 |  -0.00747240805735 |
|           0.875 |               0.0 |  -0.00748179531334 |  -0.00748179531334 |
|  0.895833333333 |               0.0 |  -0.00745903197426 |  -0.00745903197426 |
|  0.916666666667 |               0.0 |  -0.00740789451004 |  -0.00740789451004 |
|          0.9375 |               0.0 |   -0.0073323221134 |   -0.0073323221134 |
|  0.958333333333 |               0.0 |  -0.00723636433185 |  -0.00723636433185 |
|  0.979166666667 |               0.0 |  -0.00712412793143 |  -0.00712412793143 |
|             1.0 |               0.0 |  -0.00699972359833 |  -0.00699972359833 |
|   1.02083333333 |               0.0 |  -0.00686721308518 |  -0.00686721308518 |
|   1.04166666667 |               0.0 |   -0.0067305574026 |   -0.0067305574026 |
|          1.0625 |               0.0 |   -0.0065935666434 |   -0.0065935666434 |
|   1.08333333333 |               0.0 |  -0.00645985200791 |  -0.00645985200791 |
|   1.10416666667 |               0.0 |  -0.00633278057284 |  -0.00633278057284 |
|           1.125 |               0.0 |   -0.0062154333146 |   -0.0062154333146 |
|   1.14583333333 |               0.0 |  -0.00611056686087 |  -0.00611056686087 |
|   1.16666666667 |               0.0 |  -0.00602057940135 |  -0.00602057940135 |
|          1.1875 |               0.0 |  -0.00594748114166 |  -0.00594748114166 |
|   1.20833333333 |               0.0 |  -0.00589286963275 |  -0.00589286963275 |
|   1.22916666667 |               0.0 |   -0.0058579102529 |   -0.0058579102529 |
|            1.25 |               0.0 |   -0.0058433220614 |   -0.0058433220614 |
|   1.27083333333 |               0.0 |  -0.00584936918214 |  -0.00584936918214 |
|   1.29166666667 |               0.0 |   -0.0058758578131 |   -0.0058758578131 |
|          1.3125 |               0.0 |  -0.00592213889426 |  -0.00592213889426 |
|   1.33333333333 |               0.0 |   -0.0059871164026 |   -0.0059871164026 |
|   1.35416666667 |               0.0 |  -0.00606926117962 |  -0.00606926117962 |
|           1.375 |               0.0 |  -0.00616663013412 |  -0.00616663013412 |
|   1.39583333333 |               0.0 |  -0.00627689060265 |  -0.00627689060265 |
|   1.41666666667 |               0.0 |  -0.00639734959148 |  -0.00639734959148 |
|          1.4375 |               0.0 |  -0.00652498756918 |  -0.00652498756918 |
|   1.45833333333 |               0.0 |  -0.00665649642678 |  -0.00665649642678 |
|   1.47916666667 |               0.0 |  -0.00678832117583 |  -0.00678832117583 |
|             1.5 |               0.0 |  -0.00691670491156 |  -0.00691670491156 |
|   1.52083333333 |               0.0 |  -0.00703773653143 |  -0.00703773653143 |
|   1.54166666667 |               0.0 |  -0.00714740066745 |  -0.00714740066745 |
|          1.5625 |               0.0 |  -0.00724162926496 |  -0.00724162926496 |
|   1.58333333333 |               0.0 |  -0.00731635422129 |  -0.00731635422129 |
|   1.60416666667 |               0.0 |  -0.00736756048456 |  -0.00736756048456 |
|           1.625 |               0.0 |  -0.00739133900674 |  -0.00739133900674 |
|   1.64583333333 |               0.0 |  -0.00738393894543 |  -0.00738393894543 |
|   1.66666666667 |               0.0 |  -0.00734181851594 |  -0.00734181851594 |
|          1.6875 |               0.0 |  -0.00726169390903 |  -0.00726169390903 |
|   1.70833333333 |               0.0 |  -0.00714058570975 |  -0.00714058570975 |
|   1.72916666667 |               0.0 |  -0.00697586227957 |  -0.00697586227957 |
|            1.75 |               0.0 |  -0.00676527959623 |  -0.00676527959623 |
|   1.77083333333 |               0.0 |  -0.00650701708391 |  -0.00650701708391 |
|   1.79166666667 |               0.0 |  -0.00619970900965 |  -0.00619970900965 |
|          1.8125 |               0.0 |     -0.00584247107 |     -0.00584247107 |
|   1.83333333333 |               0.0 |  -0.00543492184403 |  -0.00543492184403 |
|   1.85416666667 |               0.0 |  -0.00497719884484 |  -0.00497719884484 |
|           1.875 |               0.0 |  -0.00446996896054 |  -0.00446996896054 |
|   1.89583333333 |               0.0 |  -0.00391443313694 |  -0.00391443313694 |
|   1.91666666667 |               0.0 |  -0.00331232521747 |  -0.00331232521747 |
|          1.9375 |               0.0 |  -0.00266590491934 |  -0.00266590491934 |
|   1.95833333333 |               0.0 |  -0.00197794498997 |  -0.00197794498997 |
|   1.97916666667 |               0.0 |  -0.00125171265112 |  -0.00125171265112 |
|             2.0 |               0.0 | -0.000490945501375 | -0.000490945501375 |
|   2.02083333333 |               0.0 |  0.000300177891434 |  0.000300177891434 |
|   2.04166666667 |               0.0 |   0.00111707241748 |   0.00111707241748 |
|          2.0625 |               0.0 |   0.00195478552608 |   0.00195478552608 |
|   2.08333333333 |               0.0 |   0.00280804060299 |   0.00280804060299 |
|   2.10416666667 |               0.0 |   0.00367128417846 |   0.00367128417846 |
|           2.125 |               0.0 |   0.00453873647803 |   0.00453873647803 |
|   2.14583333333 |               0.0 |   0.00540444479034 |   0.00540444479034 |
|   2.16666666667 |               0.0 |   0.00626233909456 |   0.00626233909456 |
|          2.1875 |               0.0 |   0.00710628936402 |   0.00710628936402 |
|   2.20833333333 |               0.0 |   0.00793016394341 |   0.00793016394341 |
|   2.22916666667 |               0.0 |   0.00872788838362 |   0.00872788838362 |
|            2.25 |               0.0 |   0.00949350411228 |   0.00949350411228 |
|   2.27083333333 |               0.0 |    0.0102212263185 |    0.0102212263185 |
|   2.29166666667 |               0.0 |    0.0109055004373 |    0.0109055004373 |
|          2.3125 |               0.0 |    0.0115410566336 |    0.0115410566336 |
|   2.33333333333 |               0.0 |    0.0121229617053 |    0.0121229617053 |
|   2.35416666667 |               0.0 |    0.0126466678529 |    0.0126466678529 |
|           2.375 |               0.0 |    0.0131080577943 |    0.0131080577943 |
|   2.39583333333 |               0.0 |    0.0135034857438 |    0.0135034857438 |
|   2.41666666667 |               0.0 |    0.0138298138155 |    0.0138298138155 |
|          2.4375 |               0.0 |    0.0140844434628 |    0.0140844434628 |
|   2.45833333333 |               0.0 |    0.0142653416154 |    0.0142653416154 |
|   2.47916666667 |               0.0 |    0.0143710612339 |    0.0143710612339 |
|             2.5 |               0.0 |    0.0144007560598 |    0.0144007560598 |
|   2.52083333333 |               0.0 |    0.0143541894019 |    0.0143541894019 |
|   2.54166666667 |               0.0 |    0.0142317368636 |    0.0142317368636 |
|          2.5625 |               0.0 |    0.0140343829782 |    0.0140343829782 |
|   2.58333333333 |               0.0 |     0.013763711788 |     0.013763711788 |
|   2.60416666667 |               0.0 |    0.0134218914642 |    0.0134218914642 |
|           2.625 |               0.0 |    0.0130116531296 |    0.0130116531296 |
|   2.64583333333 |               0.0 |    0.0125362641091 |    0.0125362641091 |
|   2.66666666667 |               0.0 |    0.0119994958894 |    0.0119994958894 |
|          2.6875 |               0.0 |    0.0114055871296 |    0.0114055871296 |
|   2.70833333333 |               0.0 |    0.0107592021127 |    0.0107592021127 |
|   2.72916666667 |               0.0 |    0.0100653850804 |    0.0100653850804 |
|            2.75 |               0.0 |   0.00932951093433 |   0.00932951093433 |
|   2.77083333333 |               0.0 |    0.0085572328266 |    0.0085572328266 |
|   2.79166666667 |               0.0 |   0.00775442719528 |   0.00775442719528 |
|          2.8125 |               0.0 |   0.00692713682607 |   0.00692713682607 |
|   2.83333333333 |               0.0 |   0.00608151254278 |   0.00608151254278 |
|   2.85416666667 |               0.0 |   0.00522375414261 |   0.00522375414261 |
|           2.875 |               0.0 |    0.0043600511993 |    0.0043600511993 |
|   2.89583333333 |               0.0 |   0.00349652435776 |   0.00349652435776 |
|   2.91666666667 |               0.0 |   0.00263916773714 |   0.00263916773714 |
|          2.9375 |               0.0 |   0.00179379304658 |   0.00179379304658 |
|   2.95833333333 |               0.0 |  0.000965975997848 |  0.000965975997848 |
|   2.97916666667 |               0.0 |  0.000161005573415 |  0.000161005573415 |
|             3.0 |               0.0 | -0.000616163323541 | -0.000616163323541 |
|   3.02083333333 |               0.0 |  -0.00136095334849 |  -0.00136095334849 |
|   3.04166666667 |               0.0 |  -0.00206920387833 |  -0.00206920387833 |
|          3.0625 |               0.0 |  -0.00273720545945 |  -0.00273720545945 |
|   3.08333333333 |               0.0 |  -0.00336172919507 |  -0.00336172919507 |
|   3.10416666667 |               0.0 |  -0.00394005078132 |  -0.00394005078132 |
|           3.125 |               0.0 |  -0.00446996896054 |  -0.00446996896054 |
|   3.14583333333 |               0.0 |  -0.00494981822145 |  -0.00494981822145 |
|   3.16666666667 |               0.0 |  -0.00537847563891 |  -0.00537847563891 |
|          3.1875 |               0.0 |  -0.00575536180993 |  -0.00575536180993 |
|   3.20833333333 |               0.0 |  -0.00608043590747 |  -0.00608043590747 |
|   3.22916666667 |               0.0 |  -0.00635418493733 |  -0.00635418493733 |
|            3.25 |               0.0 |  -0.00657760734683 |  -0.00657760734683 |
|   3.27083333333 |               0.0 |  -0.00675219119533 |  -0.00675219119533 |
|   3.29166666667 |               0.0 |  -0.00687988715585 |  -0.00687988715585 |
|          3.3125 |               0.0 |  -0.00696307667273 |  -0.00696307667273 |
|   3.33333333333 |               0.0 |  -0.00700453565304 |  -0.00700453565304 |
|   3.35416666667 |               0.0 |  -0.00700739411735 |  -0.00700739411735 |
|           3.375 |               0.0 |    -0.006975092279 |    -0.006975092279 |
|   3.39583333333 |               0.0 |  -0.00691133355919 |  -0.00691133355919 |
|   3.41666666667 |               0.0 |  -0.00682003507773 |  -0.00682003507773 |
|          3.4375 |               0.0 |  -0.00670527618608 |  -0.00670527618608 |
|   3.45833333333 |               0.0 |  -0.00657124562931 |  -0.00657124562931 |
|   3.47916666667 |               0.0 |  -0.00642218793778 |  -0.00642218793778 |
|             3.5 |               0.0 |  -0.00626234965629 |  -0.00626234965629 |
|   3.52083333333 |               0.0 |  -0.00609592601901 |  -0.00609592601901 |
|   3.54166666667 |               0.0 |  -0.00592700867231 |  -0.00592700867231 |
|          3.5625 |               0.0 |   -0.0057595350346 |   -0.0057595350346 |
|   3.58333333333 |               0.0 |  -0.00559723986305 |  -0.00559723986305 |
|   3.60416666667 |               0.0 |  -0.00544360957132 |  -0.00544360957132 |
|           3.625 |               0.0 |  -0.00530183981073 |  -0.00530183981073 |
|   3.64583333333 |               0.0 |  -0.00517479679012 |  -0.00517479679012 |
|   3.66666666667 |               0.0 |  -0.00506498276698 |  -0.00506498276698 |
|          3.6875 |               0.0 |  -0.00497450609521 |  -0.00497450609521 |
|   3.70833333333 |               0.0 |  -0.00490505616332 |  -0.00490505616332 |
|   3.72916666667 |               0.0 |   -0.0048578835017 |   -0.0048578835017 |
|            3.75 |               0.0 |  -0.00483378527925 |  -0.00483378527925 |
|   3.77083333333 |               0.0 |  -0.00483309634895 |  -0.00483309634895 |
|   3.79166666667 |               0.0 |  -0.00485568593982 |  -0.00485568593982 |
|          3.8125 |               0.0 |  -0.00490096002875 |  -0.00490096002875 |
|   3.83333333333 |               0.0 |   -0.0049678693622 |   -0.0049678693622 |
|   3.85416666667 |               0.0 |  -0.00505492303424 |  -0.00505492303424 |
|           3.875 |               0.0 |  -0.00516020746464 |  -0.00516020746464 |
|   3.89583333333 |               0.0 |  -0.00528141056044 |  -0.00528141056044 |
|   3.91666666667 |               0.0 |  -0.00541585078576 |  -0.00541585078576 |
|          3.9375 |               0.0 |  -0.00556051080955 |  -0.00556051080955 |
|   3.95833333333 |               0.0 |  -0.00571207534919 |  -0.00571207534919 |
|   3.97916666667 |               0.0 |  -0.00586697278072 |  -0.00586697278072 |
|             4.0 |               0.0 |  -0.00602142004347 |  -0.00602142004347 |
|   4.02083333333 |               0.0 |  -0.00617147032993 |  -0.00617147032993 |
|   4.04166666667 |               0.0 |  -0.00631306301942 |  -0.00631306301942 |
|          4.0625 |               0.0 |  -0.00644207528867 |  -0.00644207528867 |
|   4.08333333333 |               0.0 |  -0.00655437481275 |  -0.00655437481275 |
|   4.10416666667 |               0.0 |  -0.00664587295683 |  -0.00664587295683 |
|           4.125 |               0.0 |  -0.00671257785273 |  -0.00671257785273 |
|   4.14583333333 |               0.0 |  -0.00675064675465 |  -0.00675064675465 |
|   4.16666666667 |               0.0 |  -0.00675643707544 |  -0.00675643707544 |
|          4.1875 |               0.0 |  -0.00672655551839 |  -0.00672655551839 |
|   4.20833333333 |               0.0 |  -0.00665790473966 |  -0.00665790473966 |
|   4.22916666667 |               0.0 |  -0.00654772700289 |  -0.00654772700289 |
|            4.25 |               0.0 |  -0.00639364431989 |  -0.00639364431989 |
|   4.27083333333 |               0.0 |  -0.00619369460932 |  -0.00619369460932 |
|   4.29166666667 |               0.0 |   -0.0059463634484 |   -0.0059463634484 |
|          4.3125 |               0.0 |  -0.00565061104079 |  -0.00565061104079 |
|   4.33333333333 |               0.0 |  -0.00530589407579 |  -0.00530589407579 |
|   4.35416666667 |               0.0 |  -0.00491218220989 |  -0.00491218220989 |
|           4.375 |               0.0 |  -0.00446996896054 |  -0.00446996896054 |
|   4.39583333333 |               0.0 |  -0.00398027686313 |  -0.00398027686313 |
|   4.41666666667 |               0.0 |  -0.00344465680532 |  -0.00344465680532 |
|          4.4375 |               0.0 |  -0.00286518151653 |  -0.00286518151653 |
|   4.45833333333 |               0.0 |  -0.00224443325487 |  -0.00224443325487 |
|   4.47916666667 |               0.0 |  -0.00158548579772 |  -0.00158548579772 |
|             4.5 |               0.0 | -0.000891880904925 | -0.000891880904925 |
|   4.52083333333 |               0.0 | -0.000167599484426 | -0.000167599484426 |
|   4.54166666667 |               0.0 |  0.000582972250748 |  0.000582972250748 |
|          4.5625 |               0.0 |   0.00135508129026 |   0.00135508129026 |
|   4.58333333333 |               0.0 |   0.00214365060291 |   0.00214365060291 |
|   4.60416666667 |               0.0 |   0.00294332573832 |   0.00294332573832 |
|           4.625 |               0.0 |   0.00374852476749 |   0.00374852476749 |
|   4.64583333333 |               0.0 |   0.00455349103858 |   0.00455349103858 |
|   4.66666666667 |               0.0 |   0.00535234819222 |   0.00535234819222 |
|          4.6875 |               0.0 |    0.0061391568549 |    0.0061391568549 |
|   4.70833333333 |               0.0 |   0.00690797240977 |   0.00690797240977 |
|   4.72916666667 |               0.0 |   0.00765290323071 |   0.00765290323071 |
|            4.75 |               0.0 |   0.00836816875978 |   0.00836816875978 |
|   4.77083333333 |               0.0 |   0.00904815680826 |   0.00904815680826 |
|   4.79166666667 |               0.0 |   0.00968747946886 |   0.00968747946886 |
|          4.8125 |               0.0 |    0.0102810270406 |    0.0102810270406 |
|   4.83333333333 |               0.0 |    0.0108240193879 |    0.0108240193879 |
|   4.85416666667 |               0.0 |     0.011312054183 |     0.011312054183 |
|           4.875 |               0.0 |    0.0117411515125 |    0.0117411515125 |
|   4.89583333333 |               0.0 |    0.0121077943674 |    0.0121077943674 |
|   4.91666666667 |               0.0 |     0.012408964581 |     0.012408964581 |
|          4.9375 |               0.0 |    0.0126421738252 |    0.0126421738252 |
|   4.95833333333 |               0.0 |    0.0128054893298 |    0.0128054893298 |
|   4.97916666667 |               0.0 |    0.0128975540461 |    0.0128975540461 |
|             5.0 |               0.0 |    0.0129176010341 |    0.0129176010341 |
|   5.02083333333 |               0.0 |    0.0128654619146 |    0.0128654619146 |
|   5.04166666667 |               0.0 |    0.0127415692934 |    0.0127415692934 |
|          5.0625 |               0.0 |     0.012546953125 |     0.012546953125 |
|   5.08333333333 |               0.0 |    0.0122832310532 |    0.0122832310532 |
|   5.10416666667 |               0.0 |    0.0119525928249 |    0.0119525928249 |
|           5.125 |               0.0 |    0.0115577789434 |    0.0115577789434 |
|   5.14583333333 |               0.0 |     0.011102053783 |     0.011102053783 |
|   5.16666666667 |               0.0 |    0.0105891734503 |    0.0105891734503 |
|          5.1875 |               0.0 |    0.0100233487314 |    0.0100233487314 |
|   5.20833333333 | 5.33296395817e-05 |   0.00940920351897 |   0.00946253315855 |
|   5.22916666667 |  4.6358913399e-05 |   0.00875172915831 |   0.00879808807171 |
|            5.25 | 3.91903164627e-05 |   0.00805623519875 |   0.00809542551522 |
|   5.27083333333 | 3.18444834786e-05 |   0.00732829707162 |    0.0073601415551 |
|   5.29166666667 | 2.43427624484e-05 |   0.00657370125085 |    0.0065980440133 |
|          5.3125 | 1.67071527263e-05 |   0.00579838847765 |   0.00581509563037 |
|   5.33333333333 | 8.96024056262e-06 |   0.00500839565144 |     0.005017355892 |
|   5.35416666667 | 1.12513232312e-06 |   0.00420979700266 |   0.00421092213498 |
|           5.375 |               0.0 |   0.00340864517009 |   0.00340864517009 |
|   5.39583333333 |               0.0 |   0.00261091280579 |   0.00261091280579 |
|   5.41666666667 |               0.0 |   0.00182243532394 |   0.00182243532394 |
|          5.4375 |               0.0 |   0.00104885539687 |   0.00104885539687 |
|   5.45833333333 |               0.0 |  0.000295569781796 |  0.000295569781796 |
|   5.47916666667 |               0.0 | -0.000432320964305 | -0.000432320964305 |
|             5.5 |               0.0 |  -0.00113005935638 |  -0.00113005935638 |
|   5.52083333333 |               0.0 |  -0.00179327395188 |  -0.00179327395188 |
|   5.54166666667 |               0.0 |  -0.00241801797575 |  -0.00241801797575 |
|          5.5625 |               0.0 |   -0.0030008032031 |   -0.0030008032031 |
|   5.58333333333 |               0.0 |  -0.00353862875498 |  -0.00353862875498 |
|   5.60416666667 |               0.0 |  -0.00402900451836 |  -0.00402900451836 |
|           5.625 |               0.0 |  -0.00446996896054 |  -0.00446996896054 |
|   5.64583333333 |               0.0 |   -0.0048601011693 |   -0.0048601011693 |
|   5.66666666667 |               0.0 |  -0.00519852701339 |  -0.00519852701339 |
|          5.6875 |               0.0 |  -0.00548491938195 |  -0.00548491938195 |
|   5.70833333333 |               0.0 |  -0.00571949252631 |  -0.00571949252631 |
|   5.72916666667 |               0.0 |  -0.00590299059151 |  -0.00590299059151 |
|            5.75 |               0.0 |  -0.00603667048843 |  -0.00603667048843 |
|   5.77083333333 |               0.0 |  -0.00612227931854 |  -0.00612227931854 |
|   5.79166666667 |               0.0 |  -0.00616202662272 |  -0.00616202662272 |
|          5.8125 |               0.0 |  -0.00615855178148 |  -0.00615855178148 |
|   5.83333333333 |               0.0 |  -0.00611488694625 |  -0.00611488694625 |
|   5.85416666667 |               0.0 |  -0.00603441592981 |  -0.00603441592981 |
|           5.875 |               0.0 |  -0.00592082952713 |  -0.00592082952713 |
|   5.89583333333 |               0.0 |  -0.00577807777626 |  -0.00577807777626 |
|   5.91666666667 |               0.0 |  -0.00561031970146 |  -0.00561031970146 |
|          5.9375 |               0.0 |  -0.00542187110726 |  -0.00542187110726 |
|   5.95833333333 |               0.0 |  -0.00521715101259 |  -0.00521715101259 |
|   5.97916666667 |               0.0 |  -0.00500062732776 |  -0.00500062732776 |
|             6.0 |               0.0 |  -0.00477676238448 |  -0.00477676238448 |
|   6.02083333333 |               0.0 |  -0.00454995892924 |  -0.00454995892924 |
|   6.04166666667 |               0.0 |  -0.00432450718431 |  -0.00432450718431 |
|          6.0625 |               0.0 |   -0.0041045335677 |   -0.0041045335677 |
|   6.08333333333 |               0.0 |   -0.0038939516438 |   -0.0038939516438 |
|   6.10416666667 |               0.0 |  -0.00369641585093 |  -0.00369641585093 |
|           6.125 |               0.0 |  -0.00351527852005 |  -0.00351527852005 |
|   6.14583333333 |               0.0 |   -0.0033535506618 |   -0.0033535506618 |
|   6.16666666667 |               0.0 |  -0.00321386695611 |  -0.00321386695611 |
|          6.1875 |               0.0 |  -0.00309845533156 |  -0.00309845533156 |
|   6.20833333333 |               0.0 |   -0.0030091114697 |   -0.0030091114697 |
|   6.22916666667 |               0.0 |  -0.00294717851457 |  -0.00294717851457 |
|            6.25 |               0.0 |  -0.00291353220904 |  -0.00291353220904 |
|   6.27083333333 |               0.0 |  -0.00290857161903 |  -0.00290857161903 |
|   6.29166666667 |               0.0 |  -0.00293221554381 |  -0.00293221554381 |
|          6.3125 |               0.0 |  -0.00298390464745 |  -0.00298390464745 |
|   6.33333333333 |               0.0 |  -0.00306260928199 |  -0.00306260928199 |
|   6.35416666667 |               0.0 |  -0.00316684290972 |  -0.00316684290972 |
|           6.375 |               0.0 |   -0.0032946809692 |   -0.0032946809692 |
|   6.39583333333 |               0.0 |  -0.00344378496865 |  -0.00344378496865 |
|   6.41666666667 |               0.0 |  -0.00361143153235 |  -0.00361143153235 |
|          6.4375 |               0.0 |  -0.00379454606964 |  -0.00379454606964 |
|   6.45833333333 |               0.0 |  -0.00398974068508 |  -0.00398974068508 |
|   6.47916666667 |               0.0 |  -0.00419335590017 |  -0.00419335590017 |
|             6.5 |               0.0 |  -0.00440150571476 |  -0.00440150571476 |
|   6.52083333333 |               0.0 |  -0.00461012549837 |  -0.00461012549837 |
|   6.54166666667 |               0.0 |  -0.00481502216994 |  -0.00481502216994 |
|          6.5625 | 6.89298366273e-06 |  -0.00501192609855 |  -0.00500503311489 |
|   6.58333333333 | 1.65753540589e-05 |  -0.00519654413795 |  -0.00517996878389 |
|   6.60416666667 | 2.62685896489e-05 |  -0.00536461319458 |  -0.00533834460493 |
|           6.625 | 3.59429902207e-05 |  -0.00551195372228 |  -0.00547601073206 |
|   6.64583333333 | 4.55687295307e-05 |  -0.00563452253706 |  -0.00558895380753 |
|   6.66666666667 | 5.51159472231e-05 |  -0.00572846435212 |   -0.0056733484049 |
|          6.6875 | 6.45548414008e-05 |  -0.00579016144683 |  -0.00572560660543 |
|   6.70833333333 | 7.38557615594e-05 |  -0.00581628090363 |  -0.00574242514207 |
|   6.72916666667 | 8.29893015961e-05 |  -0.00580381887263 |  -0.00572082957103 |
|            6.75 | 9.19263926006e-05 |  -0.00575014135641 |  -0.00565821496381 |
|   6.77083333333 | 0.000100638395137 |  -0.00565302104518 |  -0.00555238265005 |
|   6.79166666667 | 0.000109097190723 |  -0.00551066977553 |  -0.00540157258481 |
|          6.8125 | 0.000117275272218 |  -0.00532176623396 |  -0.00520449096175 |
|   6.83333333333 | 0.000125145832827 |  -0.00508547857847 |  -0.00496033274564 |
|   6.85416666667 | 0.000132682853434 |  -0.00480148170699 |  -0.00466879885356 |
|           6.875 | 0.000139861187988 |  -0.00446996896054 |  -0.00433010777255 |
|   6.89583333333 | 0.000146656646648 |  -0.00409165810966 |  -0.00394500146302 |
|   6.91666666667 | 0.000153046076439 |  -0.00366779153612 |  -0.00351474545968 |
|          6.9375 | 0.000159007439123 |  -0.00320013058516 |  -0.00304112314604 |
|   6.95833333333 |  0.00016451988605 |  -0.00269094412835 |   -0.0025264242423 |
|   6.97916666667 | 0.000169563829725 |  -0.00214299144055 |  -0.00197342761082 |
|             7.0 | 0.000174121011851 |  -0.00155949955744 |  -0.00138537854559 |
|   7.02083333333 |  0.00017817456762 | -0.000944135341181 |  -0.00076596077356 |
|   7.04166666667 | 0.000181709086025 | -0.000300972540013 | -0.000119263453988 |
|          7.0625 | 0.000184710665983 |  0.000365545816463 |  0.000550256482446 |
|   7.08333333333 | 0.000187166968075 |   0.00105064929315 |   0.00123781626122 |
|   7.10416666667 | 0.000189067261714 |   0.00174928575549 |   0.00193835301721 |
|           7.125 | 0.000190402467567 |   0.00245617042213 |    0.0026465728897 |
|   7.14583333333 | 0.000191165195072 |   0.00316583774292 |   0.00335700293799 |
|   7.16666666667 | 0.000191349774919 |    0.0038726955494 |   0.00406404532431 |
|          7.1875 |  0.00019095228634 |   0.00457108089881 |   0.00476203318515 |
|   7.20833333333 | 0.000189970579127 |   0.00525531701341 |   0.00544528759254 |
|   7.22916666667 | 0.000188404290253 |   0.00591977070368 |   0.00610817499393 |
|            7.25 | 0.000186254855028 |   0.00655890965768 |    0.0067451645127 |
|   7.27083333333 | 0.000183525512731 |   0.00716735897947 |    0.0073508844922 |
|   7.29166666667 | 0.000180221306659 |   0.00773995636634 |     0.007920177673 |
|          7.3125 | 0.000176349078566 |   0.00827180532854 |   0.00844815440711 |
|   7.33333333333 |  0.00017191745749 |   0.00875832587566 |   0.00893024333315 |
|   7.35416666667 | 0.000166936842956 |   0.00919530212011 |   0.00936223896307 |
|           7.375 | 0.000161419382593 |    0.0095789262812 |   0.00974034566379 |
|   7.39583333333 | 0.000155378944201 |   0.00990583861117 |    0.0100612175554 |
|   7.41666666667 | 0.000148831082311 |    0.0101731628085 |    0.0103219938908 |
|          7.4375 | 0.000141792999344 |    0.0103785365315 |    0.0105203295309 |
|   7.45833333333 | 0.000134283501434 |    0.0105201366788 |    0.0106544201803 |
|   7.47916666667 | 0.000126322949031 |    0.0105966991577 |    0.0107230221067 |
|             7.5 | 0.000117933202428 |    0.0106075329229 |    0.0107254661253 |
|   7.52083333333 | 0.000109137562332 |    0.0105525281281 |    0.0106616656904 |
|   7.54166666667 | 9.99607056488e-05 |    0.0104321582963 |     0.010532119002 |
|          7.5625 | 9.04286166637e-05 |    0.0102474764814 |    0.0103379050981 |
|   7.58333333333 |  8.0568513795e-05 |     0.010000105454 |    0.0100806739678 |
|   7.60416666667 | 7.04087721363e-05 |   0.00969222201403 |   0.00976263078616 |
|           7.625 | 5.99788420018e-05 |   0.00932653559239 |   0.00938651443439 |
|   7.64583333333 | 4.93091637104e-05 |   0.00890626136629 |      0.00895557053 |
|   7.66666666667 |  3.8431078853e-05 |    0.0084350881731 |   0.00847351925195 |
|          7.6875 | 2.73767383024e-05 |   0.00791714156256 |   0.00794451830086 |
|   7.70833333333 |  1.6179007235e-05 |      0.00735694238 |   0.00737312138724 |
|   7.72916666667 | 4.87136744517e-06 |   0.00675936132135 |    0.0067642326888 |
|            7.75 |               0.0 |   0.00612956994389 |   0.00612956994389 |
|   7.77083333333 |               0.0 |   0.00547298865504 |   0.00547298865504 |
|   7.79166666667 |               0.0 |   0.00479523223374 |   0.00479523223374 |
|          7.8125 |               0.0 |   0.00410205346528 |   0.00410205346528 |
|   7.83333333333 |               0.0 |   0.00339928549077 |   0.00339928549077 |
|   7.85416666667 |               0.0 |    0.0026927834857 |    0.0026927834857 |
|           7.875 |               0.0 |   0.00198836628913 |   0.00198836628913 |
|   7.89583333333 |               0.0 |   0.00129175860503 |   0.00129175860503 |
|   7.91666666667 |               0.0 |  0.000608534390589 |  0.000608534390589 |
|          7.9375 |               0.0 |  -5.5937966782e-05 |  -5.5937966782e-05 |
|   7.95833333333 |               0.0 | -0.000696548102177 | -0.000696548102177 |
|   7.97916666667 |               0.0 |  -0.00130849320005 |  -0.00130849320005 |
|             8.0 |               0.0 |  -0.00188732407187 |  -0.00188732407187 |
|   8.02083333333 |               0.0 |  -0.00242898729921 |  -0.00242898729921 |
|   8.04166666667 |               0.0 |  -0.00292986299985 |  -0.00292986299985 |
|          8.0625 |               0.0 |  -0.00338679782259 |  -0.00338679782259 |
|   8.08333333333 |               0.0 |  -0.00379713282866 |  -0.00379713282866 |
|   8.10416666667 |               0.0 |  -0.00415872597335 |  -0.00415872597335 |
|           8.125 |               0.0 |  -0.00446996896054 |  -0.00446996896054 |
|   8.14583333333 |               0.0 |  -0.00472979830432 |  -0.00472979830432 |
|   8.16666666667 |               0.0 |  -0.00493770049492 |  -0.00493770049492 |
|          8.1875 |               0.0 |  -0.00509371123036 |  -0.00509371123036 |
|   8.20833333333 |               0.0 |  -0.00519840874008 |  -0.00519840874008 |
|   8.22916666667 |               0.0 |  -0.00525290129087 |  -0.00525290129087 |
|            8.25 |               0.0 |  -0.00525880902872 |  -0.00525880902872 |
|   8.27083333333 |               0.0 |  -0.00521824037179 |  -0.00521824037179 |
|   8.29166666667 |               0.0 |  -0.00513376322872 |  -0.00513376322872 |
|          8.3125 |               0.0 |  -0.00500837137259 |  -0.00500837137259 |
|   8.33333333333 |               0.0 |  -0.00484544635322 |  -0.00484544635322 |
|   8.35416666667 |               0.0 |  -0.00464871537887 |  -0.00464871537887 |
|           8.375 |               0.0 |  -0.00442220564135 |  -0.00442220564135 |
|   8.39583333333 |               0.0 |  -0.00417019559736 |  -0.00417019559736 |
|   8.41666666667 |               0.0 |  -0.00389716375084 |  -0.00389716375084 |
|          8.4375 |               0.0 |  -0.00360773550807 |  -0.00360773550807 |
|   8.45833333333 |               0.0 |   -0.0033066286973 |   -0.0033066286973 |
|   8.47916666667 |               0.0 |  -0.00299859835847 |  -0.00299859835847 |
|             8.5 |               0.0 |  -0.00268838141576 |  -0.00268838141576 |
|   8.52083333333 |               0.0 |  -0.00238064184598 |  -0.00238064184598 |
|   8.54166666667 |               0.0 |  -0.00207991694951 |  -0.00207991694951 |
|          8.5625 |               0.0 |  -0.00179056531734 |  -0.00179056531734 |
|   8.58333333333 |               0.0 |  -0.00151671706858 |  -0.00151671706858 |
|   8.60416666667 |               0.0 |  -0.00126222690645 |  -0.00126222690645 |
|           8.625 |               0.0 |  -0.00103063050941 |  -0.00103063050941 |
|   8.64583333333 |               0.0 | -0.000825104736304 | -0.000825104736304 |
|   8.66666666667 |               0.0 | -0.000648432081783 | -0.000648432081783 |
|          8.6875 |               0.0 | -0.000502969770684 | -0.000502969770684 |
|   8.70833333333 |               0.0 | -0.000390623828334 | -0.000390623828334 |
|   8.72916666667 |               0.0 | -0.000312828408285 | -0.000312828408285 |
|            8.75 |               0.0 | -0.000270530600476 | -0.000270530600476 |
|   8.77083333333 |               0.0 | -0.000264180881886 | -0.000264180881886 |
|   8.79166666667 |               0.0 | -0.000293729309042 | -0.000293729309042 |
|          8.8125 |               0.0 |  -0.00035862748801 |  -0.00035862748801 |
|   8.83333333333 |               0.0 | -0.000457836293336 | -0.000457836293336 |
|   8.85416666667 |               0.0 | -0.000589839243678 | -0.000589839243678 |
|           8.875 |               0.0 | -0.000752661379057 | -0.000752661379057 |
|   8.89583333333 |               0.0 | -0.000943893423715 | -0.000943893423715 |
|   8.91666666667 |               0.0 |  -0.00116072095991 |  -0.00116072095991 |
|          8.9375 |  5.6322645596e-06 |   -0.0013999582824 |  -0.00139432601784 |
|   8.95833333333 | 1.88003358964e-05 |  -0.00165808655156 |  -0.00163928621567 |
|   8.97916666667 | 3.19725923188e-05 |  -0.00193129581523 |  -0.00189932322291 |
|             9.0 | 4.51088732874e-05 |  -0.00221553042654 |  -0.00217042155326 |
|   9.02083333333 | 5.81689437371e-05 |  -0.00250653734739 |  -0.00244836840365 |
|   9.04166666667 | 7.11126172929e-05 |   -0.0027999167948 |  -0.00272880417751 |
|          9.0625 | 8.38998798878e-05 |  -0.00309117466176 |  -0.00300727478187 |
|   9.08333333333 | 9.64910134018e-05 |   -0.0033757761239 |   -0.0032792851105 |
|   9.10416666667 | 0.000108846718941 |  -0.00364919983038 |  -0.00354035311144 |
|           9.125 | 0.000120928239373 |  -0.00390699207051 |  -0.00378606383113 |
|   9.14583333333 | 0.000132697480741 |  -0.00414482030758 |  -0.00401212282684 |
|   9.16666666667 | 0.000144117132165 |  -0.00435852547843 |  -0.00421440834627 |
|          9.1875 | 0.000155150783876 |  -0.00454417247031 |  -0.00438902168643 |
|   9.20833333333 | 0.000165763042983 |  -0.00469809820667 |  -0.00453233516369 |
|   9.22916666667 | 0.000175919646623 |   -0.0048169567997 |  -0.00464103715307 |
|            9.25 | 0.000185587572137 |  -0.00489776125942 |  -0.00471217368728 |
|   9.27083333333 | 0.000194735143898 |  -0.00493792128707 |  -0.00474318614317 |
|   9.29166666667 | 0.000203332136472 |  -0.00493527672341 |  -0.00473194458694 |
|          9.3125 |  0.00021134987376 |   -0.0048881262704 |  -0.00467677639664 |
|   9.33333333333 | 0.000218761323802 |  -0.00479525115665 |  -0.00457648983285 |
|   9.35416666667 | 0.000225541188941 |  -0.00465593347265 |  -0.00443039228371 |
|           9.375 | 0.000231665991036 |  -0.00446996896054 |   -0.0042383029695 |
|   9.39583333333 | 0.000237114151447 |   -0.0042376741041 |  -0.00400055995266 |
|   9.41666666667 | 0.000241866065521 |  -0.00395988742774 |  -0.00371802136222 |
|          9.4375 | 0.000245904171326 |  -0.00363796497667 |  -0.00339206080534 |
|   9.45833333333 | 0.000249213012403 |  -0.00327377001511 |  -0.00302455700271 |
|   9.47916666667 | 0.000251779294301 |   -0.0028696570429 |   -0.0026178777486 |
|             9.5 | 0.000253591934714 |  -0.00242845029365 |  -0.00217485835893 |
|   9.52083333333 | 0.000254642107023 |  -0.00195341693873 |   -0.0016987748317 |
|   9.54166666667 | 0.000254923277089 |  -0.00144823527988 |  -0.00119331200279 |
|          9.5625 | 0.000254431233157 | -0.000916958268635 | -0.000662527035478 |
|   9.58333333333 | 0.000253164108739 | -0.000363972742715 | -0.000110808633976 |
|   9.60416666667 | 0.000251122398389 |  0.000206045182873 |  0.000457167581262 |
|           9.625 | 0.000248308966285 |  0.000788178089651 |   0.00103648705594 |
|   9.64583333333 | 0.000244729047561 |   0.00137731807629 |   0.00162204712385 |
|   9.66666666667 | 0.000240390242359 |   0.00196821987612 |   0.00220861011848 |
|          9.6875 | 0.000235302502584 |   0.00255555569574 |   0.00279085819833 |
|   9.70833333333 | 0.000229478111379 |   0.00313397117926 |   0.00336344929064 |
|   9.72916666667 | 0.000222931655346 |   0.00369814188971 |   0.00392107354506 |
|            9.75 | 0.000215679989571 |   0.00424282969272 |    0.0044585096823 |
|   9.77083333333 | 0.000207742195542 |   0.00476293842789 |   0.00497068062343 |
|   9.79166666667 | 0.000199139532035 |   0.00525356826021 |   0.00545270779224 |
|          9.8125 | 0.000189895379123 |   0.00571006811779 |   0.00589996349692 |
|   9.83333333333 | 0.000180035175424 |   0.00612808564224 |   0.00630812081767 |
|   9.85416666667 | 0.000169586348769 |   0.00650361410445 |   0.00667320045322 |
|           9.875 | 0.000158578240477 |   0.00683303577127 |   0.00699161401174 |
|   9.89583333333 | 0.000147042023432 |    0.0071131612465 |   0.00726020326993 |
|   9.91666666667 |  0.00013501061421 |   0.00734126435314 |   0.00747627496735 |
|          9.9375 | 0.000122518579474 |   0.00751511217184 |   0.00763763075131 |
|   9.95833333333 | 0.000109602036935 |   0.00763298990303 |   0.00774259193996 |
|   9.97916666667 | 9.62985511298e-05 |    0.0076937202761 |   0.00779001882723 |
|            10.0 | 8.26470243444e-05 |   0.00769667728818 |   0.00777932431252 |
|   10.0208333333 | 6.86875829754e-05 |   0.00764179411649 |   0.00771048169947 |
|   10.0416666667 | 5.44614596773e-05 |   0.00752956511155 |   0.00758402657123 |
|         10.0625 | 4.00108716329e-05 |   0.00736104184262 |   0.00740105271426 |
|   10.0833333333 | 2.53788953106e-05 |    0.0071378232316 |   0.00716320212691 |
|   10.1041666667 |  1.0609338076e-05 |   0.00686203987561 |   0.00687264921369 |
|          10.125 |               0.0 |   0.00653633272188 |   0.00653633272188 |
|   10.1458333333 |               0.0 |   0.00616382631963 |   0.00616382631963 |
|   10.1666666667 |               0.0 |   0.00574809693314 |   0.00574809693314 |
|         10.1875 |               0.0 |   0.00529313585545 |   0.00529313585545 |
|   10.2083333333 |               0.0 |   0.00480330831503 |   0.00480330831503 |
|   10.2291666667 |               0.0 |   0.00428330841507 |   0.00428330841507 |
|           10.25 |               0.0 |   0.00373811058875 |   0.00373811058875 |
|   10.2708333333 |               0.0 |   0.00317291809135 |   0.00317291809135 |
|   10.2916666667 |               0.0 |   0.00259310908267 |   0.00259310908267 |
|         10.3125 |               0.0 |   0.00200418087905 |   0.00200418087905 |
|   10.3333333333 |               0.0 |   0.00141169297462 |   0.00141169297462 |
|   10.3541666667 |               0.0 |  0.000821209444426 |  0.000821209444426 |
|          10.375 |               0.0 |  0.000238241348975 |  0.000238241348975 |
|   10.3958333333 |               0.0 | -0.000331810240255 | -0.000331810240255 |
|   10.4166666667 |               0.0 | -0.000883709981799 | -0.000883709981799 |
|         10.4375 |               0.0 |  -0.00141244217238 |  -0.00141244217238 |
|   10.4583333333 |               0.0 |   -0.0019132622431 |   -0.0019132622431 |
|   10.4791666667 |               0.0 |  -0.00238174529072 |  -0.00238174529072 |
|            10.5 |               0.0 |  -0.00281383112349 |  -0.00281383112349 |
|   10.5208333333 |               0.0 |  -0.00320586533878 |  -0.00320586533878 |
|   10.5416666667 |               0.0 |  -0.00355463599343 |  -0.00355463599343 |
|         10.5625 |               0.0 |  -0.00385740547516 |  -0.00385740547516 |
|   10.5833333333 |               0.0 |  -0.00411193723628 |  -0.00411193723628 |
|   10.6041666667 |               0.0 |  -0.00431651710646 |  -0.00431651710646 |
|          10.625 |               0.0 |  -0.00446996896054 |  -0.00446996896054 |
|   10.6458333333 |               0.0 |  -0.00457166457881 |  -0.00457166457881 |
|   10.6666666667 |               0.0 |  -0.00462152760041 |  -0.00462152760041 |
|         10.6875 |               0.0 |  -0.00462003153474 |  -0.00462003153474 |
|   10.7083333333 |               0.0 |   -0.0045681918604 |   -0.0045681918604 |
|   10.7291666667 |               0.0 |   -0.0044675523056 |   -0.0044675523056 |
|           10.75 |               0.0 |  -0.00432016546703 |  -0.00432016546703 |
|   10.7708333333 |               0.0 |  -0.00412856798599 |  -0.00412856798599 |
|   10.7916666667 |               0.0 |  -0.00389575055919 |  -0.00389575055919 |
|         10.8125 |               0.0 |  -0.00362512311825 |  -0.00362512311825 |
|   10.8333333333 |               0.0 |  -0.00332047556391 |  -0.00332047556391 |
|   10.8541666667 |               0.0 |  -0.00298593448919 |  -0.00298593448919 |
|          10.875 |               0.0 |  -0.00262591636914 |  -0.00262591636914 |
|   10.8958333333 |               0.0 |  -0.00224507773294 |  -0.00224507773294 |
|   10.9166666667 |               0.0 |  -0.00184826286658 |  -0.00184826286658 |
|         10.9375 |               0.0 |  -0.00144044962078 |  -0.00144044962078 |
|   10.9583333333 |               0.0 |  -0.00102669391906 |  -0.00102669391906 |
|   10.9791666667 |               0.0 |  -0.00061207357438 |  -0.00061207357438 |
|            11.0 |               0.0 | -0.000201632029944 | -0.000201632029944 |
|   11.0208333333 |               0.0 |  0.000199677360118 |  0.000199677360118 |
|   11.0416666667 |               0.0 |  0.000587045900928 |  0.000587045900928 |
|         11.0625 |               0.0 |  0.000955862381761 |  0.000955862381761 |
|   11.0833333333 |               0.0 |   0.00130176357923 |   0.00130176357923 |
|   11.1041666667 |               0.0 |   0.00162068188825 |   0.00162068188825 |
|          11.125 |               0.0 |   0.00190888956236 |   0.00190888956236 |
|   11.1458333333 |               0.0 |   0.00216303908246 |   0.00216303908246 |
|   11.1666666667 |               0.0 |   0.00238019921607 |   0.00238019921607 |
|         11.1875 |               0.0 |   0.00255788637692 |   0.00255788637692 |
|   11.2083333333 |               0.0 |   0.00269409094637 |   0.00269409094637 |
|   11.2291666667 |               0.0 |   0.00278729827414 |   0.00278729827414 |
|           11.25 |               0.0 |   0.00283650413412 |   0.00283650413412 |
|   11.2708333333 |               0.0 |   0.00284122447256 |   0.00284122447256 |
|   11.2916666667 |               0.0 |   0.00280149934841 |   0.00280149934841 |
|         11.3125 | 2.37584282937e-06 |   0.00271789102984 |   0.00272026687267 |
|   11.3333333333 | 1.90293623988e-05 |   0.00259147627511 |   0.00261050563751 |
|   11.3541666667 | 3.56863911143e-05 |   0.00242383289002 |   0.00245951928114 |
|          11.375 | 5.22962908085e-05 |   0.00221702071701 |   0.00226931700782 |
|   11.3958333333 | 6.88083822852e-05 |   0.00197355727219 |   0.00204236565448 |
|   11.4166666667 | 8.51720999367e-05 |   0.00169638830563 |   0.00178156040557 |
|         11.4375 |  0.00010133714657 |   0.00138885361549 |   0.00149019076206 |
|   11.4583333333 | 0.000117253647963 |   0.00105464849916 |   0.00117190214713 |
|   11.4791666667 | 0.000132872306681 |   0.00069778127229 |  0.000830653578971 |
|            11.5 | 0.000148144554675 |  0.000322527329395 |   0.00047067188407 |
|   11.5208333333 | 0.000163022704194 |  -6.6619741766e-05 |  9.64029624275e-05 |
|   11.5416666667 | 0.000177460096533 | -0.000464999448201 | -0.000287539351668 |
|         11.5625 | 0.000191411248175 | -0.000867837511599 | -0.000676426263424 |
|   11.5833333333 | 0.000204831993836 |  -0.00127030022985 |  -0.00106546823601 |
|   11.6041666667 | 0.000217679626002 |  -0.00166754947633 |  -0.00144986985033 |
|          11.625 | 0.000229913030485 |  -0.00205479772632 |  -0.00182488469584 |
|   11.6458333333 | 0.000241492817588 |  -0.00242736249978 |  -0.00218586968219 |
|   11.6666666667 | 0.000252381448459 |  -0.00278071961626 |  -0.00252833816781 |
|         11.6875 | 0.000262543356222 |  -0.00311055467116 |  -0.00284801131494 |
|   11.7083333333 | 0.000271945061506 |  -0.00341281216198 |  -0.00314086710048 |
|   11.7291666667 | 0.000280555281992 |  -0.00368374171966 |  -0.00340318643767 |
|           11.75 | 0.000288345035621 |  -0.00391994093169 |  -0.00363159589607 |
|   11.7708333333 | 0.000295287737131 |  -0.00411839428169 |  -0.00382310654456 |
|   11.7916666667 | 0.000301359287598 |  -0.00427650777297 |  -0.00397514848537 |
|         11.8125 | 0.000306538156687 |  -0.00439213885108 |   -0.0040856006944 |
|   11.8333333333 | 0.000310805457331 |  -0.00446362129252 |  -0.00415281583519 |
|   11.8541666667 | 0.000314145012592 |  -0.00448978478215 |  -0.00417563976956 |
|          11.875 | 0.000316543414458 |  -0.00446996896054 |  -0.00415342554608 |
|   11.8958333333 | 0.000317990074387 |  -0.00440403178356 |  -0.00408604170917 |
|   11.9166666667 | 0.000318477265396 |  -0.00429235209916 |  -0.00397387483377 |
|         11.9375 | 0.000318000155553 |  -0.00413582641024 |  -0.00381782625469 |
|   11.9583333333 | 0.000316556832728 |  -0.00393585985656 |  -0.00361930302384 |
|   11.9791666667 |  0.00031414832051 |  -0.00369435151265 |  -0.00338020319214 |
|            12.0 | 0.000310778585196 |  -0.00341367416114 |  -0.00310289557594 |
|   12.0208333333 | 0.000306454533816 |  -0.00309664876222 |   -0.0027901942284 |
|   12.0416666667 | 0.000301186003155 |  -0.00274651389843 |  -0.00244532789528 |
|         12.0625 | 0.000294985739793 |  -0.00236689052946 |  -0.00207190478966 |
|   12.0833333333 | 0.000287869371172 |  -0.00196174244355 |  -0.00167387307238 |
|   12.1041666667 | 0.000279855367765 |   -0.0015353328399 |  -0.00125547747214 |
|          12.125 | 0.000270964996435 |  -0.00109217751886 | -0.000821212522429 |
|   12.1458333333 | 0.000261222265074 |    -0.000636995195 | -0.000375772929927 |
|   12.1666666667 | 0.000250653858695 | -0.000174655479452 |  7.59983792432e-05 |
|         12.1875 | 0.000239289067117 |  0.000289874895574 |  0.000529163962692 |
|   12.2083333333 | 0.000227159704452 |  0.000751587017845 |  0.000978746722297 |
|   12.2291666667 | 0.000214300020603 |   0.00120548529611 |   0.00141978531672 |
|           12.25 |  0.00020074660503 |   0.00164664290898 |   0.00184738951401 |
|   12.2708333333 | 0.000186538283038 |   0.00207025658971 |   0.00225679487275 |
|   12.2916666667 | 0.000171716004891 |   0.00247170014199 |   0.00264341614688 |
|         12.3125 | 0.000156322728063 |   0.00284657609517 |   0.00300289882323 |
|   12.3333333333 | 0.000140403292962 |    0.0031907649276 |   0.00333116822056 |
|   12.3541666667 | 0.000124004292492 |   0.00350047131306 |   0.00362447560555 |
|          12.375 | 0.000107173935825 |   0.00377226687753 |   0.00387944081335 |
|   12.3958333333 | 8.99619067864e-05 |   0.00400312899154 |   0.00409309089833 |
|   12.4166666667 | 7.24192172624e-05 |   0.00419047516678 |   0.00426289438404 |
|         12.4375 | 5.45980560718e-05 |   0.00433219267308 |   0.00438679072915 |
|   12.4583333333 | 3.65516337405e-05 |   0.00442666304474 |   0.00446321467848 |
|   12.4791666667 | 1.83340236455e-05 |   0.00447278120051 |   0.00449111522415 |
|            12.5 | 2.21074329155e-18 |   0.00446996896054 |   0.00446996896054 |
|   12.5208333333 |               0.0 |   0.00441818280523 |   0.00441818280523 |
|   12.5416666667 |               0.0 |   0.00431791578346 |   0.00431791578346 |
|         12.5625 |               0.0 |   0.00417019354203 |   0.00417019354203 |
|   12.5833333333 |               0.0 |   0.00397656451262 |   0.00397656451262 |
|   12.6041666667 |               0.0 |   0.00373908435636 |   0.00373908435636 |
|          12.625 |               0.0 |   0.00346029482928 |   0.00346029482928 |
|   12.6458333333 |               0.0 |   0.00314319729307 |   0.00314319729307 |
|   12.6666666667 |               0.0 |   0.00279122115434 |   0.00279122115434 |
|         12.6875 |               0.0 |   0.00240818757125 |   0.00240818757125 |
|   12.7083333333 |               0.0 |   0.00199826881855 |   0.00199826881855 |
|   12.7291666667 |               0.0 |   0.00156594374962 |   0.00156594374962 |
|           12.75 |               0.0 |   0.00111594983729 |   0.00111594983729 |
|   12.7708333333 |               0.0 |  0.000653232312864 |  0.000653232312864 |
|   12.7916666667 |               0.0 |  0.000182890954752 |  0.000182890954752 |
|         12.8125 |               0.0 | -0.000289874895574 | -0.000289874895574 |
|   12.8333333333 |               0.0 | -0.000759822493146 | -0.000759822493146 |
|   12.8541666667 |               0.0 |  -0.00122172241398 |  -0.00122172241398 |
|          12.875 |               0.0 |   -0.0016704152274 |   -0.0016704152274 |
|   12.8958333333 |               0.0 |  -0.00210086749942 |  -0.00210086749942 |
|   12.9166666667 |               0.0 |  -0.00250822651698 |  -0.00250822651698 |
|         12.9375 |               0.0 |  -0.00288787313696 |  -0.00288787313696 |
|   12.9583333333 |               0.0 |   -0.0032354721835 |   -0.0032354721835 |
|   12.9791666667 |               0.0 |  -0.00354701984391 |  -0.00354701984391 |
|            13.0 |               0.0 |  -0.00381888754566 |  -0.00381888754566 |
|   13.0208333333 |               0.0 |  -0.00404786183525 |  -0.00404786183525 |
|   13.0416666667 |               0.0 |  -0.00423117982284 |  -0.00423117982284 |
|         13.0625 |               0.0 |  -0.00436655980487 |  -0.00436655980487 |
|   13.0833333333 |               0.0 |  -0.00445222672904 |  -0.00445222672904 |
|   13.1041666667 |               0.0 |  -0.00448693222218 |  -0.00448693222218 |
|          13.125 |               0.0 |  -0.00446996896054 |  -0.00446996896054 |
|   13.1458333333 |               0.0 |  -0.00440117922359 |  -0.00440117922359 |
|   13.1666666667 |               0.0 |  -0.00428095753568 |  -0.00428095753568 |
|         13.1875 |               0.0 |  -0.00411024736402 |  -0.00411024736402 |
|   13.2083333333 |               0.0 |  -0.00389053190643 |  -0.00389053190643 |
|   13.2291666667 |               0.0 |  -0.00362381906621 |  -0.00362381906621 |
|           13.25 |               0.0 |  -0.00331262077512 |  -0.00331262077512 |
|   13.2708333333 |               0.0 |  -0.00295992688647 |  -0.00295992688647 |
|   13.2916666667 |               0.0 |  -0.00256917391995 |  -0.00256917391995 |
|         13.3125 |               0.0 |  -0.00214420899526 |  -0.00214420899526 |
|   13.3333333333 |               0.0 |  -0.00168924934427 |  -0.00168924934427 |
|   13.3541666667 |               0.0 |  -0.00120883783954 |  -0.00120883783954 |
|          13.375 |               0.0 | -0.000707795019946 | -0.000707795019946 |
|   13.3958333333 |               0.0 | -0.000191168132647 | -0.000191168132647 |
|   13.4166666667 |               0.0 |  0.000335822257251 |  0.000335822257251 |
|         13.4375 |               0.0 |  0.000867837511599 |  0.000867837511599 |
|   13.4583333333 |               0.0 |    0.0013994774208 |    0.0013994774208 |
|   13.4791666667 |               0.0 |   0.00192533735074 |   0.00192533735074 |
|            13.5 |               0.0 |   0.00244006541687 |   0.00244006541687 |
|   13.5208333333 |               0.0 |   0.00293841906703 |   0.00293841906703 |
|   13.5416666667 |               0.0 |   0.00341532046137 |   0.00341532046137 |
|         13.5625 |               0.0 |   0.00386591005093 |   0.00386591005093 |
|   13.5833333333 |               0.0 |    0.0042855977763 |    0.0042855977763 |
|   13.6041666667 |               0.0 |   0.00467011133394 |   0.00467011133394 |
|          13.625 |               0.0 |    0.0050155409898 |    0.0050155409898 |
|   13.6458333333 |               0.0 |   0.00531838045788 |   0.00531838045788 |
|   13.6666666667 |               0.0 |   0.00557556340429 |   0.00557556340429 |
|         13.6875 |               0.0 |   0.00578449518527 |   0.00578449518527 |
|   13.7083333333 | 1.72618058282e-05 |   0.00594307947979 |   0.00596034128562 |
|   13.7291666667 | 3.74060897841e-05 |   0.00604973953317 |   0.00608714562296 |
|           13.75 | 5.74980897405e-05 |   0.00610343378695 |   0.00616093187669 |
|   13.7708333333 | 7.74766568569e-05 |    0.0061036657316 |   0.00618114238846 |
|   13.7916666667 | 9.72808028128e-05 |   0.00605048788183 |   0.00614776868465 |
|         13.8125 | 0.000116849885971 |   0.00594449983819 |   0.00606134972416 |
|   13.8333333333 | 0.000136123797036 |   0.00578684046333 |   0.00592296426037 |
|   13.8541666667 | 0.000155043143648 |   0.00557917426545 |   0.00573421740909 |
|          13.875 | 0.000173549433329 |   0.00532367214444 |   0.00549722157777 |
|   13.8958333333 | 0.000191585254237 |   0.00502298671788 |   0.00521457197212 |
|   13.9166666667 | 0.000209094453159 |   0.00468022250271 |   0.00488931695587 |
|         13.9375 | 0.000226022310189 |   0.00429890128465 |   0.00452492359484 |
|   13.9583333333 | 0.000242315709556 |   0.00388292305961 |   0.00412523876916 |
|   13.9791666667 | 0.000257923306065 |    0.0034365229792 |   0.00369444628527 |
|            14.0 | 0.000272795686631 |   0.00296422477621 |   0.00323702046284 |
|   14.0208333333 | 0.000286885526396 |   0.00247079118336 |   0.00275767670975 |
|   14.0416666667 | 0.000300147738945 |   0.00196117189166 |    0.0022613196306 |
|         14.0625 | 0.000312539620126 |   0.00144044962078 |    0.0017529892409 |
|   14.0833333333 | 0.000324020985048 |  0.000913784893977 |   0.00123780587903 |
|   14.1041666667 | 0.000334554297786 |  0.000386360123963 |  0.000720914421749 |
|          14.125 | 0.000344104793396 | -0.000136676377127 |  0.000207428416269 |
|   14.1458333333 | 0.000352640591841 |  -0.00065026585013 | -0.000297625258289 |
|   14.1666666667 | 0.000360132803455 |  -0.00114949339663 |  -0.00078936059317 |
|         14.1875 |   0.0003665556256 |  -0.00162964054817 |  -0.00126308492257 |
|   14.2083333333 |  0.00037188643019 |  -0.00208623552275 |  -0.00171434909256 |
|   14.2291666667 | 0.000376105841809 |  -0.00251510062014 |  -0.00213899477833 |
|           14.25 | 0.000379197806121 |  -0.00291239623977 |  -0.00253319843365 |
|   14.2708333333 | 0.000381149648375 |  -0.00327466104231 |  -0.00289351139393 |
|   14.2916666667 | 0.000381952121774 |    -0.003598847819 |  -0.00321689569722 |
|         14.3125 | 0.000381599445531 |  -0.00388235468036 |  -0.00350075523483 |
|   14.3333333333 | 0.000380089332484 |  -0.00412305122779 |  -0.00374296189531 |
|   14.3541666667 | 0.000377423006136 |  -0.00431929942693 |   -0.0039418764208 |
|          14.375 | 0.000373605207052 |  -0.00446996896054 |  -0.00409636375348 |
|   14.3958333333 | 0.000368644188552 |  -0.00457444689928 |  -0.00420580271073 |
|   14.4166666667 | 0.000362551701696 |  -0.00463264159193 |  -0.00427008989023 |
|         14.4375 | 0.000355342969563 |  -0.00464498073995 |  -0.00428963777039 |
|   14.4583333333 | 0.000347036650879 |  -0.00461240368597 |  -0.00426536703509 |
|   14.4791666667 | 0.000337654793079 |  -0.00453634800912 |  -0.00419869321604 |
|            14.5 |   0.0003272227749 |  -0.00441873058332 |  -0.00409150780842 |
|   14.5208333333 | 0.000315769238676 |  -0.00426192331541 |  -0.00394615407673 |
|   14.5416666667 | 0.000303326012487 |  -0.00406872383884 |  -0.00376539782635 |
|         14.5625 | 0.000289928022385 |  -0.00384232149404 |  -0.00355239347165 |
|   14.5833333333 | 0.000275613194941 |  -0.00358625897874 |   -0.0033106457838 |
|   14.6041666667 | 0.000260422350364 |  -0.00330439009907 |   -0.0030439677487 |
|          14.625 | 0.000244399086512 |  -0.00300083409524 |  -0.00275643500873 |
|   14.6458333333 | 0.000227589654118 |   -0.0026799270534 |  -0.00245233739928 |
|   14.6666666667 |  0.00021004282357 |  -0.00234617094722 |  -0.00213612812365 |
|         14.6875 | 0.000191809743657 |  -0.00200418087905 |  -0.00181237113539 |
|   14.7083333333 |  0.00017294379267 |  -0.00165863111007 |   -0.0014856873174 |
|   14.7291666667 | 0.000153500422284 |  -0.00131420048237 |  -0.00116070006009 |
|           14.75 | 0.000133536994708 | -0.000975517842477 |  -0.00084198084777 |
|   14.7708333333 |  0.00011311261354 | -0.000647108075749 |  -0.00053399546221 |
|   14.7916666667 | 9.22879488631e-05 | -0.000333339354495 | -0.000241051405632 |
|         14.8125 | 7.11250570756e-05 | -3.83721890354e-05 |  3.27528680402e-05 |
|   14.8333333333 | 4.96871959963e-05 |    0.0002338891488 |  0.000283576344796 |
|   14.8541666667 | 2.80386358022e-05 |    0.0004798422865 |  0.000507880922302 |
|          14.875 | 6.24446635523e-06 |  0.000696228984926 |  0.000702473451282 |
|   14.8958333333 |               0.0 |  0.000880173472292 |  0.000880173472292 |
|   14.9166666667 |               0.0 |   0.00102921644781 |   0.00102921644781 |
|         14.9375 |               0.0 |   0.00114134437249 |   0.00114134437249 |
|   14.9583333333 |               0.0 |   0.00121501371665 |   0.00121501371665 |
|   14.9791666667 |               0.0 |   0.00124916988924 |   0.00124916988924 |
|            15.0 |               0.0 |   0.00124326063289 |   0.00124326063289 |
|   15.0208333333 |               0.0 |   0.00119724372964 |   0.00119724372964 |
|   15.0416666667 |               0.0 |   0.00111158892518 |   0.00111158892518 |
|         15.0625 |               0.0 |  0.000987274043272 |  0.000987274043272 |
|   15.0833333333 |               0.0 |  0.000825775326265 |  0.000825775326265 |
|   15.1041666667 |               0.0 |  0.000629052101407 |  0.000629052101407 |
|          15.125 |               0.0 |  0.000399525935538 |  0.000399525935538 |
|   15.1458333333 |               0.0 |  0.000140054501683 |  0.000140054501683 |
|   15.1666666667 |               0.0 | -0.000146099560306 | -0.000146099560306 |
|         15.1875 |               0.0 | -0.000455304451377 | -0.000455304451377 |
|   15.2083333333 |               0.0 | -0.000783599299672 | -0.000783599299672 |
|   15.2291666667 |               0.0 |  -0.00112673808857 |  -0.00112673808857 |
|           15.25 |               0.0 |  -0.00148023694646 |  -0.00148023694646 |
|   15.2708333333 |               0.0 |  -0.00183942428073 |  -0.00183942428073 |
|   15.2916666667 |               0.0 |  -0.00219949320666 |  -0.00219949320666 |
|         15.3125 |               0.0 |  -0.00255555569574 |  -0.00255555569574 |
|   15.3333333333 |               0.0 |  -0.00290269784872 |  -0.00290269784872 |
|   15.3541666667 |               0.0 |  -0.00323603568526 |  -0.00323603568526 |
|          15.375 |               0.0 |  -0.00355077083592 |  -0.00355077083592 |
|   15.3958333333 |               0.0 |   -0.0038422455222 |   -0.0038422455222 |
|   15.4166666667 |               0.0 |  -0.00410599621782 |  -0.00410599621782 |
|         15.4375 |               0.0 |  -0.00433780539778 |  -0.00433780539778 |
|   15.4583333333 |               0.0 |  -0.00453375080205 |  -0.00453375080205 |
|   15.4791666667 |               0.0 |  -0.00469025166741 |  -0.00469025166741 |
|            15.5 |               0.0 |  -0.00480411141316 |  -0.00480411141316 |
|   15.5208333333 |               0.0 |    -0.004872556305 |    -0.004872556305 |
|   15.5416666667 |               0.0 |  -0.00489326966429 |  -0.00489326966429 |
|         15.5625 |               0.0 |  -0.00486442123844 |  -0.00486442123844 |
|   15.5833333333 |               0.0 |  -0.00478469140046 |  -0.00478469140046 |
|   15.6041666667 |               0.0 |  -0.00465328990163 |  -0.00465328990163 |
|          15.625 |               0.0 |  -0.00446996896054 |  -0.00446996896054 |
|   15.6458333333 |               0.0 |  -0.00423503053309 |  -0.00423503053309 |
|   15.6666666667 |               0.0 |  -0.00394932767156 |  -0.00394932767156 |
|         15.6875 |               0.0 |  -0.00361425994471 |  -0.00361425994471 |
|   15.7083333333 |               0.0 |  -0.00323176295599 |  -0.00323176295599 |
|   15.7291666667 |               0.0 |  -0.00280429206083 |  -0.00280429206083 |
|           15.75 |               0.0 |  -0.00233480044739 |  -0.00233480044739 |
|   15.7708333333 |               0.0 |  -0.00182671180644 |  -0.00182671180644 |
|   15.7916666667 |               0.0 |  -0.00128388787527 |  -0.00128388787527 |
|         15.8125 |               0.0 | -0.000710591196106 | -0.000710591196106 |
|   15.8333333333 |               0.0 | -0.000111443482103 | -0.000111443482103 |
|   15.8541666667 |               0.0 |  0.000508619968256 |  0.000508619968256 |
|          15.875 |               0.0 |   0.00114439932424 |   0.00114439932424 |
|   15.8958333333 |               0.0 |   0.00179048222141 |   0.00179048222141 |
|   15.9166666667 |               0.0 |    0.0024412981513 |    0.0024412981513 |
|         15.9375 |               0.0 |   0.00309117466176 |   0.00309117466176 |
|   15.9583333333 |               0.0 |    0.0037343947674 |    0.0037343947674 |
|   15.9791666667 |               0.0 |   0.00436525495637 |   0.00436525495637 |
|            16.0 |               0.0 |   0.00497812317281 |   0.00497812317281 |
|   16.0208333333 |               0.0 |   0.00556749615455 |   0.00556749615455 |
|   16.0416666667 |               0.0 |    0.0061280555121 |    0.0061280555121 |
|         16.0625 |               0.0 |   0.00665472194881 |   0.00665472194881 |
|   16.0833333333 |  1.3498814939e-05 |   0.00714270704184 |   0.00715620585678 |
|   16.1041666667 | 3.71295663209e-05 |   0.00758756202985 |   0.00762469159617 |
|          16.125 | 6.07088836974e-05 |   0.00798522308586 |   0.00804593196956 |
|   16.1458333333 | 8.41651328915e-05 |   0.00833205259158 |   0.00841621772447 |
|   16.1666666667 |  0.00010742686916 |   0.00862487597274 |    0.0087323028419 |
|         16.1875 | 0.000130423054797 |   0.00886101370312 |   0.00899143675792 |
|   16.2083333333 |  0.00015308327605 |   0.00903830813725 |    0.0091913914133 |
|   16.2291666667 | 0.000175337958696 |   0.00915514488762 |   0.00933048284632 |
|           16.25 |               0.0 |   0.00921046852155 |   0.00921046852155 |
|   16.2708333333 |               0.0 |   0.00920379241402 |   0.00920379241402 |
|   16.2916666667 |               0.0 |   0.00913520265654 |   0.00913520265654 |
|         16.3125 |               0.0 |   0.00900535598579 |   0.00900535598579 |
|   16.3333333333 |               0.0 |   0.00881547176118 |   0.00881547176118 |
|   16.3541666667 |               0.0 |   0.00856731808421 |   0.00856731808421 |
|          16.375 |               0.0 |   0.00826319221621 |   0.00826319221621 |
|   16.3958333333 |               0.0 |   0.00790589551259 |   0.00790589551259 |
|   16.4166666667 |               0.0 |   0.00749870315052 |   0.00749870315052 |
|         16.4375 |               0.0 |   0.00704532898375 |   0.00704532898375 |
|   16.4583333333 |               0.0 |   0.00654988591004 |   0.00654988591004 |
|   16.4791666667 |               0.0 |   0.00601684218531 |   0.00601684218531 |
|            16.5 |               0.0 |   0.00545097416202 |   0.00545097416202 |
|   16.5208333333 |               0.0 |   0.00485731596744 |   0.00485731596744 |
|   16.5416666667 |               0.0 |    0.0042411066699 |    0.0042411066699 |
|         16.5625 |               0.0 |   0.00360773550807 |   0.00360773550807 |
|   16.5833333333 |               0.0 |   0.00296268577824 |   0.00296268577824 |
|   16.6041666667 |               0.0 |   0.00231147798838 |   0.00231147798838 |
|          16.625 |               0.0 |   0.00165961289508 |   0.00165961289508 |
|   16.6458333333 |               0.0 |   0.00101251503954 |   0.00101251503954 |
|   16.6666666667 |               0.0 |  0.000375477392685 |  0.000375477392685 |
|         16.6875 |               0.0 | -0.000246392293831 | -0.000246392293831 |
|   16.7083333333 |               0.0 | -0.000848222853213 | -0.000848222853213 |
|   16.7291666667 |               0.0 |  -0.00142542823434 |  -0.00142542823434 |
|           16.75 |               0.0 |  -0.00197375267809 |  -0.00197375267809 |
|   16.7708333333 |               0.0 |  -0.00248931205703 |  -0.00248931205703 |
|   16.7916666667 |               0.0 |  -0.00296863093932 |  -0.00296863093932 |
|         16.8125 |               0.0 |  -0.00340867498475 |  -0.00340867498475 |
|   16.8333333333 |               0.0 |  -0.00380687833328 |  -0.00380687833328 |
|   16.8541666667 |               0.0 |  -0.00416116570142 |  -0.00416116570142 |
|          16.875 |               0.0 |  -0.00446996896054 |  -0.00446996896054 |
|   16.8958333333 |               0.0 |  -0.00473223803239 |  -0.00473223803239 |
|   16.9166666667 |               0.0 |  -0.00494744599954 |  -0.00494744599954 |
|         16.9375 |               0.0 |  -0.00511558839252 |  -0.00511558839252 |
|   16.9583333333 |               0.0 |  -0.00523717667955 |  -0.00523717667955 |
|   16.9791666667 |               0.0 |  -0.00531322604869 |  -0.00531322604869 |
|            17.0 |               0.0 |  -0.00534523763493 |  -0.00534523763493 |
|   17.0208333333 |               0.0 |  -0.00533517540609 |  -0.00533517540609 |
|   17.0416666667 |               0.0 |  -0.00528543797976 |  -0.00528543797976 |
|         17.0625 |               0.0 |  -0.00519882569963 |  -0.00519882569963 |
|   17.0833333333 |               0.0 |  -0.00507850335112 |  -0.00507850335112 |
|   17.1041666667 |               0.0 |  -0.00492795894435 |  -0.00492795894435 |
|          17.125 |               0.0 |   -0.0047509590354 |   -0.0047509590354 |
|   17.1458333333 |               0.0 |  -0.00455150109467 |  -0.00455150109467 |
|   17.1666666667 |               0.0 |  -0.00433376346337 |  -0.00433376346337 |
|         17.1875 |               0.0 |  -0.00410205346528 |  -0.00410205346528 |
|   17.2083333333 |               0.0 |  -0.00386075426114 |  -0.00386075426114 |
|   17.2291666667 |               0.0 |  -0.00361427104606 |  -0.00361427104606 |
|           17.25 |               0.0 |  -0.00336697719762 |  -0.00336697719762 |
|   17.2708333333 |               0.0 |  -0.00312316098203 |  -0.00312316098203 |
|   17.2916666667 |               0.0 |  -0.00288697341947 |  -0.00288697341947 |
|         17.3125 |               0.0 |  -0.00266237789614 |  -0.00266237789614 |
|   17.3333333333 |               0.0 |  -0.00245310209116 |  -0.00245310209116 |
|   17.3541666667 |               0.0 |  -0.00226259276016 |  -0.00226259276016 |
|          17.375 |               0.0 |  -0.00209397388559 |  -0.00209397388559 |
|   17.3958333333 |               0.0 |  -0.00195000866612 |  -0.00195000866612 |
|   17.4166666667 |               0.0 |  -0.00183306577459 |  -0.00183306577459 |
|         17.4375 |               0.0 |  -0.00174509026633 |  -0.00174509026633 |
|   17.4583333333 |               0.0 |  -0.00168757946814 |  -0.00168757946814 |
|   17.4791666667 |               0.0 |  -0.00166156412232 |  -0.00166156412232 |
|            17.5 |               0.0 |  -0.00166759500184 |  -0.00166759500184 |
|   17.5208333333 |               0.0 |  -0.00170573515196 |  -0.00170573515196 |
|   17.5416666667 |               0.0 |  -0.00177555785061 |  -0.00177555785061 |
|         17.5625 |               0.0 |  -0.00187615031642 |  -0.00187615031642 |
|   17.5833333333 |               0.0 |  -0.00200612312908 |  -0.00200612312908 |
|   17.6041666667 |               0.0 |  -0.00216362526326 |  -0.00216362526326 |
|          17.625 |               0.0 |  -0.00234636457439 |  -0.00234636457439 |
|   17.6458333333 |               0.0 |  -0.00255163351398 |  -0.00255163351398 |
|   17.6666666667 |               0.0 |  -0.00277633979373 |  -0.00277633979373 |
|         17.6875 |               0.0 |  -0.00301704166213 |  -0.00301704166213 |
|   17.7083333333 |               0.0 |   -0.0032699874058 |   -0.0032699874058 |
|   17.7291666667 |               0.0 |  -0.00353115864014 |  -0.00353115864014 |
|           17.75 |               0.0 |  -0.00379631691141 |  -0.00379631691141 |
|   17.7708333333 |               0.0 |   -0.0040610530947 |   -0.0040610530947 |
|   17.7916666667 |               0.0 |  -0.00432083904082 |  -0.00432083904082 |
|         17.8125 |               0.0 |  -0.00457108089881 |  -0.00457108089881 |
|   17.8333333333 |               0.0 |  -0.00480717352199 |  -0.00480717352199 |
|   17.8541666667 |               0.0 |   -0.0050245553519 |   -0.0050245553519 |
|          17.875 |               0.0 |   -0.0052187631684 |   -0.0052187631684 |
|   17.8958333333 |               0.0 |  -0.00538548609481 |  -0.00538548609481 |
|   17.9166666667 |               0.0 |  -0.00552061825368 |  -0.00552061825368 |
|         17.9375 |               0.0 |  -0.00562030948288 |  -0.00562030948288 |
|   17.9583333333 |               0.0 |  -0.00568101354192 |  -0.00568101354192 |
|   17.9791666667 |               0.0 |  -0.00569953326495 |  -0.00569953326495 |
|            18.0 |               0.0 |  -0.00567306214936 |  -0.00567306214936 |
|   18.0208333333 |               0.0 |  -0.00559922190736 |  -0.00559922190736 |
|   18.0416666667 |               0.0 |  -0.00547609555105 |  -0.00547609555105 |
|         18.0625 |               0.0 |  -0.00530225562995 |  -0.00530225562995 |
|   18.0833333333 |               0.0 |  -0.00507678729208 |  -0.00507678729208 |
|   18.1041666667 |               0.0 |  -0.00479930589608 |  -0.00479930589608 |
|          18.125 |               0.0 |  -0.00446996896054 |  -0.00446996896054 |
|   18.1458333333 |               0.0 |  -0.00408948229875 |  -0.00408948229875 |
|   18.1666666667 |               0.0 |  -0.00365910024974 |  -0.00365910024974 |
|         18.1875 |               0.0 |  -0.00318061998114 |  -0.00318061998114 |
|   18.2083333333 |               0.0 |  -0.00265636990387 |  -0.00265636990387 |
|   18.2291666667 |               0.0 |  -0.00208919230272 |  -0.00208919230272 |
|           18.25 |               0.0 |  -0.00148242035039 |  -0.00148242035039 |
|   18.2708333333 |               0.0 | -0.000839849733507 | -0.000839849733507 |
|   18.2916666667 |               0.0 | -0.000165705178305 | -0.000165705178305 |
|         18.3125 |               0.0 |  0.000535397780418 |  0.000535397780418 |
|   18.3333333333 |               0.0 |   0.00125849539158 |   0.00125849539158 |
|   18.3541666667 |               0.0 |   0.00199832219774 |   0.00199832219774 |
|          18.375 |               0.0 |   0.00274936097601 |   0.00274936097601 |
|   18.3958333333 |               0.0 |    0.0035058955856 |    0.0035058955856 |
|   18.4166666667 |               0.0 |   0.00426206616535 |   0.00426206616535 |
|         18.4375 |               0.0 |   0.00501192609855 |   0.00501192609855 |
|   18.4583333333 |               0.0 |   0.00574950014254 |   0.00574950014254 |
|   18.4791666667 |               0.0 |   0.00646884310735 |   0.00646884310735 |
|            18.5 |               0.0 |   0.00716409846103 |   0.00716409846103 |
|   18.5208333333 |               0.0 |   0.00782955623949 |   0.00782955623949 |
|   18.5416666667 |               0.0 |   0.00845970964561 |   0.00845970964561 |
|         18.5625 |               0.0 |   0.00904930973605 |   0.00904930973605 |
|   18.5833333333 |               0.0 |   0.00959341761429 |   0.00959341761429 |
|   18.6041666667 |               0.0 |    0.0100874535748 |    0.0100874535748 |
|          18.625 |               0.0 |     0.010527242676 |     0.010527242676 |
|   18.6458333333 |               0.0 |    0.0109090562576 |    0.0109090562576 |
|   18.6666666667 |               0.0 |    0.0112296489614 |    0.0112296489614 |
|         18.6875 |               0.0 |    0.0114862908626 |    0.0114862908626 |
|   18.7083333333 |               0.0 |     0.011676794372 |     0.011676794372 |
|   18.7291666667 |               0.0 |    0.0117995356248 |    0.0117995356248 |
|           18.75 |               0.0 |    0.0118534701301 |    0.0118534701301 |
|   18.7708333333 |               0.0 |    0.0118381425203 |    0.0118381425203 |
|   18.7916666667 |               0.0 |    0.0117536902979 |    0.0117536902979 |
|         18.8125 |               0.0 |    0.0116008415467 |    0.0116008415467 |
|   18.8333333333 |               0.0 |    0.0113809066355 |    0.0113809066355 |
|   18.8541666667 |               0.0 |    0.0110957640097 |    0.0110957640097 |
|          18.875 |               0.0 |    0.0107478402269 |    0.0107478402269 |
|   18.8958333333 |               0.0 |    0.0103400844571 |    0.0103400844571 |
|   18.9166666667 |               0.0 |   0.00987593772574 |   0.00987593772574 |
|         18.9375 |               0.0 |   0.00935929723411 |   0.00935929723411 |
|   18.9583333333 |               0.0 |   0.00879447614484 |   0.00879447614484 |
|   18.9791666667 |               0.0 |   0.00818615926856 |   0.00818615926856 |
|            19.0 |               0.0 |   0.00753935513075 |   0.00753935513075 |
|   19.0208333333 |               0.0 |   0.00685934493673 |   0.00685934493673 |
|   19.0416666667 |               0.0 |   0.00615162898518 |   0.00615162898518 |
|         19.0625 |               0.0 |   0.00542187110726 |   0.00542187110726 |
|   19.0833333333 |               0.0 |   0.00467584172886 |   0.00467584172886 |
|   19.1041666667 |               0.0 |   0.00391936016728 |   0.00391936016728 |
|          19.125 |               0.0 |   0.00315823678086 |   0.00315823678086 |
|   19.1458333333 |               0.0 |   0.00239821559049 |   0.00239821559049 |
|   19.1666666667 |               0.0 |   0.00164491798571 |   0.00164491798571 |
|         19.1875 |               0.0 |  0.000903788115065 |  0.000903788115065 |
|   19.2083333333 |               0.0 |  0.000180040540788 |  0.000180040540788 |
|   19.2291666667 |               0.0 | -0.000521389287591 | -0.000521389287591 |
|           19.25 |               0.0 |  -0.00119589121837 |  -0.00119589121837 |
|   19.2708333333 |               0.0 |  -0.00183922275639 |  -0.00183922275639 |
|   19.2916666667 |               0.0 |   -0.0024475471531 |   -0.0024475471531 |
|         19.3125 |               0.0 |  -0.00301746683316 |  -0.00301746683316 |
|   19.3333333333 |               0.0 |  -0.00354605181481 |  -0.00354605181481 |
|   19.3541666667 |               0.0 |  -0.00403086283643 |  -0.00403086283643 |
|          19.375 |               0.0 |  -0.00446996896054 |  -0.00446996896054 |
|   19.3958333333 |               0.0 |  -0.00486195948738 |  -0.00486195948738 |
|   19.4166666667 |               0.0 |  -0.00520595007322 |  -0.00520595007322 |
|         19.4375 |               0.0 |  -0.00550158301201 |  -0.00550158301201 |
|   19.4583333333 |               0.0 |  -0.00574902170365 |  -0.00574902170365 |
|   19.4791666667 |               0.0 |  -0.00594893939602 |  -0.00594893939602 |
|            19.5 |               0.0 |  -0.00610250235042 |  -0.00610250235042 |
|   19.5208333333 |               0.0 |  -0.00621134764183 |  -0.00621134764183 |
|   19.5416666667 |               0.0 |  -0.00627755586373 |  -0.00627755586373 |
|         19.5625 |               0.0 |  -0.00630361906328 |  -0.00630361906328 |
|   19.5833333333 |               0.0 |  -0.00629240428447 |  -0.00629240428447 |
|   19.6041666667 |               0.0 |  -0.00624711314511 |  -0.00624711314511 |
|          19.625 |               0.0 |  -0.00617123791635 |  -0.00617123791635 |
|   19.6458333333 |               0.0 |  -0.00606851461163 |  -0.00606851461163 |
|   19.6666666667 |               0.0 |  -0.00594287362404 |  -0.00594287362404 |
|         19.6875 |               0.0 |  -0.00579838847765 |  -0.00579838847765 |
|   19.7083333333 |               0.0 |  -0.00563922327825 |  -0.00563922327825 |
|   19.7291666667 |               0.0 |  -0.00546957946265 |  -0.00546957946265 |
|           19.75 |               0.0 |  -0.00529364245248 |  -0.00529364245248 |
|   19.7708333333 |               0.0 |  -0.00511552881899 |  -0.00511552881899 |
|   19.7916666667 |               0.0 |  -0.00493923455843 |  -0.00493923455843 |
|         19.8125 |               0.0 |  -0.00476858506501 |  -0.00476858506501 |
|   19.8333333333 |               0.0 |  -0.00460718736835 |  -0.00460718736835 |
|   19.8541666667 |               0.0 |  -0.00445838517688 |  -0.00445838517688 |
|          19.875 |               0.0 |  -0.00432521723657 |  -0.00432521723657 |
|   19.8958333333 |               0.0 |  -0.00421037947696 |  -0.00421037947696 |
|   19.9166666667 |               0.0 |  -0.00411619137378 |  -0.00411619137378 |
|         19.9375 |               0.0 |  -0.00404456690994 |  -0.00404456690994 |
|   19.9583333333 |               0.0 |  -0.00399699046515 |  -0.00399699046515 |
|   19.9791666667 |               0.0 |  -0.00397449790886 |  -0.00397449790886 |
