|            Time | Spots |              Bands |               flux |
|             0.0 |   0.0 |     0.139463031569 |     0.139463031569 |
| 0.0208333333333 |   0.0 |        0.138269906 |        0.138269906 |
| 0.0416666666667 |   0.0 |     0.134710944005 |     0.134710944005 |
|          0.0625 |   0.0 |     0.128847040408 |     0.128847040408 |
| 0.0833333333333 |   0.0 |     0.120778528227 |     0.120778528227 |
|  0.104166666667 |   0.0 |     0.110643461942 |     0.110643461942 |
|           0.125 |   0.0 |    0.0986152553471 |    0.0986152553471 |
|  0.145833333333 |   0.0 |    0.0848997143917 |    0.0848997143917 |
|  0.166666666667 |   0.0 |    0.0697315157844 |    0.0697315157844 |
|          0.1875 |   0.0 |    0.0533701916088 |    0.0533701916088 |
|  0.208333333333 |   0.0 |    0.0360956886577 |    0.0360956886577 |
|  0.229166666667 |   0.0 |    0.0182035784661 |    0.0182035784661 |
|            0.25 |   0.0 |   8.5396477605e-18 |   8.5396477605e-18 |
|  0.270833333333 |   0.0 |   -0.0182035784661 |   -0.0182035784661 |
|  0.291666666667 |   0.0 |   -0.0360956886577 |   -0.0360956886577 |
|          0.3125 |   0.0 |   -0.0533701916088 |   -0.0533701916088 |
|  0.333333333333 |   0.0 |   -0.0697315157844 |   -0.0697315157844 |
|  0.354166666667 |   0.0 |   -0.0848997143917 |   -0.0848997143917 |
|           0.375 |   0.0 |   -0.0986152553471 |   -0.0986152553471 |
|  0.395833333333 |   0.0 |    -0.110643461942 |    -0.110643461942 |
|  0.416666666667 |   0.0 |    -0.120778528227 |    -0.120778528227 |
|          0.4375 |   0.0 |    -0.128847040408 |    -0.128847040408 |
|  0.458333333333 |   0.0 |    -0.134710944005 |    -0.134710944005 |
|  0.479166666667 |   0.0 |       -0.138269906 |       -0.138269906 |
|             0.5 |   0.0 |    -0.139463031569 |    -0.139463031569 |
|  0.520833333333 |   0.0 |       -0.138269906 |       -0.138269906 |
|  0.541666666667 |   0.0 |    -0.134710944005 |    -0.134710944005 |
|          0.5625 |   0.0 |    -0.128847040408 |    -0.128847040408 |
|  0.583333333333 |   0.0 |    -0.120778528227 |    -0.120778528227 |
|  0.604166666667 |   0.0 |    -0.110643461942 |    -0.110643461942 |
|           0.625 |   0.0 |   -0.0986152553471 |   -0.0986152553471 |
|  0.645833333333 |   0.0 |   -0.0848997143917 |   -0.0848997143917 |
|  0.666666666667 |   0.0 |   -0.0697315157844 |   -0.0697315157844 |
|          0.6875 |   0.0 |   -0.0533701916088 |   -0.0533701916088 |
|  0.708333333333 |   0.0 |   -0.0360956886577 |   -0.0360956886577 |
|  0.729166666667 |   0.0 |   -0.0182035784661 |   -0.0182035784661 |
|            0.75 |   0.0 | -2.56189432815e-17 | -2.56189432815e-17 |
|  0.770833333333 |   0.0 |    0.0182035784661 |    0.0182035784661 |
|  0.791666666667 |   0.0 |    0.0360956886577 |    0.0360956886577 |
|          0.8125 |   0.0 |    0.0533701916088 |    0.0533701916088 |
|  0.833333333333 |   0.0 |    0.0697315157844 |    0.0697315157844 |
|  0.854166666667 |   0.0 |    0.0848997143917 |    0.0848997143917 |
|           0.875 |   0.0 |    0.0986152553471 |    0.0986152553471 |
|  0.895833333333 |   0.0 |     0.110643461942 |     0.110643461942 |
|  0.916666666667 |   0.0 |     0.120778528227 |     0.120778528227 |
|          0.9375 |   0.0 |     0.128847040408 |     0.128847040408 |
|  0.958333333333 |   0.0 |     0.134710944005 |     0.134710944005 |
|  0.979166666667 |   0.0 |        0.138269906 |        0.138269906 |
|             1.0 |   0.0 |     0.139463031569 |     0.139463031569 |
|   1.02083333333 |   0.0 |        0.138269906 |        0.138269906 |
|   1.04166666667 |   0.0 |     0.134710944005 |     0.134710944005 |
|          1.0625 |   0.0 |     0.128847040408 |     0.128847040408 |
|   1.08333333333 |   0.0 |     0.120778528227 |     0.120778528227 |
|   1.10416666667 |   0.0 |     0.110643461942 |     0.110643461942 |
|           1.125 |   0.0 |    0.0986152553471 |    0.0986152553471 |
|   1.14583333333 |   0.0 |    0.0848997143917 |    0.0848997143917 |
|   1.16666666667 |   0.0 |    0.0697315157844 |    0.0697315157844 |
|          1.1875 |   0.0 |    0.0533701916088 |    0.0533701916088 |
|   1.20833333333 |   0.0 |    0.0360956886577 |    0.0360956886577 |
|   1.22916666667 |   0.0 |    0.0182035784661 |    0.0182035784661 |
|            1.25 |   0.0 |  4.26982388025e-17 |  4.26982388025e-17 |
|   1.27083333333 |   0.0 |   -0.0182035784661 |   -0.0182035784661 |
|   1.29166666667 |   0.0 |   -0.0360956886577 |   -0.0360956886577 |
|          1.3125 |   0.0 |   -0.0533701916088 |   -0.0533701916088 |
|   1.33333333333 |   0.0 |   -0.0697315157844 |   -0.0697315157844 |
|   1.35416666667 |   0.0 |   -0.0848997143917 |   -0.0848997143917 |
|           1.375 |   0.0 |   -0.0986152553471 |   -0.0986152553471 |
|   1.39583333333 |   0.0 |    -0.110643461942 |    -0.110643461942 |
|   1.41666666667 |   0.0 |    -0.120778528227 |    -0.120778528227 |
|          1.4375 |   0.0 |    -0.128847040408 |    -0.128847040408 |
|   1.45833333333 |   0.0 |    -0.134710944005 |    -0.134710944005 |
|   1.47916666667 |   0.0 |       -0.138269906 |       -0.138269906 |
|             1.5 |   0.0 |    -0.139463031569 |    -0.139463031569 |
|   1.52083333333 |   0.0 |       -0.138269906 |       -0.138269906 |
|   1.54166666667 |   0.0 |    -0.134710944005 |    -0.134710944005 |
|          1.5625 |   0.0 |    -0.128847040408 |    -0.128847040408 |
|   1.58333333333 |   0.0 |    -0.120778528227 |    -0.120778528227 |
|   1.60416666667 |   0.0 |    -0.110643461942 |    -0.110643461942 |
|           1.625 |   0.0 |   -0.0986152553471 |   -0.0986152553471 |
|   1.64583333333 |   0.0 |   -0.0848997143917 |   -0.0848997143917 |
|   1.66666666667 |   0.0 |   -0.0697315157844 |   -0.0697315157844 |
|          1.6875 |   0.0 |   -0.0533701916088 |   -0.0533701916088 |
|   1.70833333333 |   0.0 |   -0.0360956886577 |   -0.0360956886577 |
|   1.72916666667 |   0.0 |   -0.0182035784661 |   -0.0182035784661 |
|            1.75 |   0.0 | -5.97775343235e-17 | -5.97775343235e-17 |
|   1.77083333333 |   0.0 |    0.0182035784661 |    0.0182035784661 |
|   1.79166666667 |   0.0 |    0.0360956886577 |    0.0360956886577 |
|          1.8125 |   0.0 |    0.0533701916088 |    0.0533701916088 |
|   1.83333333333 |   0.0 |    0.0697315157844 |    0.0697315157844 |
|   1.85416666667 |   0.0 |    0.0848997143917 |    0.0848997143917 |
|           1.875 |   0.0 |    0.0986152553471 |    0.0986152553471 |
|   1.89583333333 |   0.0 |     0.110643461942 |     0.110643461942 |
|   1.91666666667 |   0.0 |     0.120778528227 |     0.120778528227 |
|          1.9375 |   0.0 |     0.128847040408 |     0.128847040408 |
|   1.95833333333 |   0.0 |     0.134710944005 |     0.134710944005 |
|   1.97916666667 |   0.0 |        0.138269906 |        0.138269906 |
|             2.0 |   0.0 |     0.139463031569 |     0.139463031569 |
|   2.02083333333 |   0.0 |        0.138269906 |        0.138269906 |
|   2.04166666667 |   0.0 |     0.134710944005 |     0.134710944005 |
|          2.0625 |   0.0 |     0.128847040408 |     0.128847040408 |
|   2.08333333333 |   0.0 |     0.120778528227 |     0.120778528227 |
|   2.10416666667 |   0.0 |     0.110643461942 |     0.110643461942 |
|           2.125 |   0.0 |    0.0986152553471 |    0.0986152553471 |
|   2.14583333333 |   0.0 |    0.0848997143917 |    0.0848997143917 |
|   2.16666666667 |   0.0 |    0.0697315157844 |    0.0697315157844 |
|          2.1875 |   0.0 |    0.0533701916088 |    0.0533701916088 |
|   2.20833333333 |   0.0 |    0.0360956886577 |    0.0360956886577 |
|   2.22916666667 |   0.0 |    0.0182035784661 |    0.0182035784661 |
|            2.25 |   0.0 |  7.68568298445e-17 |  7.68568298445e-17 |
|   2.27083333333 |   0.0 |   -0.0182035784661 |   -0.0182035784661 |
|   2.29166666667 |   0.0 |   -0.0360956886577 |   -0.0360956886577 |
|          2.3125 |   0.0 |   -0.0533701916088 |   -0.0533701916088 |
|   2.33333333333 |   0.0 |   -0.0697315157844 |   -0.0697315157844 |
|   2.35416666667 |   0.0 |   -0.0848997143917 |   -0.0848997143917 |
|           2.375 |   0.0 |   -0.0986152553471 |   -0.0986152553471 |
|   2.39583333333 |   0.0 |    -0.110643461942 |    -0.110643461942 |
|   2.41666666667 |   0.0 |    -0.120778528227 |    -0.120778528227 |
|          2.4375 |   0.0 |    -0.128847040408 |    -0.128847040408 |
|   2.45833333333 |   0.0 |    -0.134710944005 |    -0.134710944005 |
|   2.47916666667 |   0.0 |       -0.138269906 |       -0.138269906 |
|             2.5 |   0.0 |    -0.139463031569 |    -0.139463031569 |
|   2.52083333333 |   0.0 |       -0.138269906 |       -0.138269906 |
|   2.54166666667 |   0.0 |    -0.134710944005 |    -0.134710944005 |
|          2.5625 |   0.0 |    -0.128847040408 |    -0.128847040408 |
|   2.58333333333 |   0.0 |    -0.120778528227 |    -0.120778528227 |
|   2.60416666667 |   0.0 |    -0.110643461942 |    -0.110643461942 |
|           2.625 |   0.0 |   -0.0986152553471 |   -0.0986152553471 |
|   2.64583333333 |   0.0 |   -0.0848997143917 |   -0.0848997143917 |
|   2.66666666667 |   0.0 |   -0.0697315157844 |   -0.0697315157844 |
|          2.6875 |   0.0 |   -0.0533701916088 |   -0.0533701916088 |
|   2.70833333333 |   0.0 |   -0.0360956886577 |   -0.0360956886577 |
|   2.72916666667 |   0.0 |   -0.0182035784661 |   -0.0182035784661 |
|            2.75 |   0.0 | -3.41672235336e-16 | -3.41672235336e-16 |
|   2.77083333333 |   0.0 |    0.0182035784661 |    0.0182035784661 |
|   2.79166666667 |   0.0 |    0.0360956886577 |    0.0360956886577 |
|          2.8125 |   0.0 |    0.0533701916088 |    0.0533701916088 |
|   2.83333333333 |   0.0 |    0.0697315157844 |    0.0697315157844 |
|   2.85416666667 |   0.0 |    0.0848997143917 |    0.0848997143917 |
|           2.875 |   0.0 |    0.0986152553471 |    0.0986152553471 |
|   2.89583333333 |   0.0 |     0.110643461942 |     0.110643461942 |
|   2.91666666667 |   0.0 |     0.120778528227 |     0.120778528227 |
|          2.9375 |   0.0 |     0.128847040408 |     0.128847040408 |
|   2.95833333333 |   0.0 |     0.134710944005 |     0.134710944005 |
|   2.97916666667 |   0.0 |        0.138269906 |        0.138269906 |
|             3.0 |   0.0 |     0.139463031569 |     0.139463031569 |
|   3.02083333333 |   0.0 |        0.138269906 |        0.138269906 |
|   3.04166666667 |   0.0 |     0.134710944005 |     0.134710944005 |
|          3.0625 |   0.0 |     0.128847040408 |     0.128847040408 |
|   3.08333333333 |   0.0 |     0.120778528227 |     0.120778528227 |
|   3.10416666667 |   0.0 |     0.110643461942 |     0.110643461942 |
|           3.125 |   0.0 |    0.0986152553471 |    0.0986152553471 |
|   3.14583333333 |   0.0 |    0.0848997143917 |    0.0848997143917 |
|   3.16666666667 |   0.0 |    0.0697315157844 |    0.0697315157844 |
|          3.1875 |   0.0 |    0.0533701916088 |    0.0533701916088 |
|   3.20833333333 |   0.0 |    0.0360956886577 |    0.0360956886577 |
|   3.22916666667 |   0.0 |    0.0182035784661 |    0.0182035784661 |
|            3.25 |   0.0 | -1.36720689084e-16 | -1.36720689084e-16 |
|   3.27083333333 |   0.0 |   -0.0182035784661 |   -0.0182035784661 |
|   3.29166666667 |   0.0 |   -0.0360956886577 |   -0.0360956886577 |
|          3.3125 |   0.0 |   -0.0533701916088 |   -0.0533701916088 |
|   3.33333333333 |   0.0 |   -0.0697315157844 |   -0.0697315157844 |
|   3.35416666667 |   0.0 |   -0.0848997143917 |   -0.0848997143917 |
|           3.375 |   0.0 |   -0.0986152553471 |   -0.0986152553471 |
|   3.39583333333 |   0.0 |    -0.110643461942 |    -0.110643461942 |
|   3.41666666667 |   0.0 |    -0.120778528227 |    -0.120778528227 |
|          3.4375 |   0.0 |    -0.128847040408 |    -0.128847040408 |
|   3.45833333333 |   0.0 |    -0.134710944005 |    -0.134710944005 |
|   3.47916666667 |   0.0 |       -0.138269906 |       -0.138269906 |
|             3.5 |   0.0 |    -0.139463031569 |    -0.139463031569 |
|   3.52083333333 |   0.0 |       -0.138269906 |       -0.138269906 |
|   3.54166666667 |   0.0 |    -0.134710944005 |    -0.134710944005 |
|          3.5625 |   0.0 |    -0.128847040408 |    -0.128847040408 |
|   3.58333333333 |   0.0 |    -0.120778528227 |    -0.120778528227 |
|   3.60416666667 |   0.0 |    -0.110643461942 |    -0.110643461942 |
|           3.625 |   0.0 |   -0.0986152553471 |   -0.0986152553471 |
|   3.64583333333 |   0.0 |   -0.0848997143917 |   -0.0848997143917 |
|   3.66666666667 |   0.0 |   -0.0697315157844 |   -0.0697315157844 |
|          3.6875 |   0.0 |   -0.0533701916088 |   -0.0533701916088 |
|   3.70833333333 |   0.0 |   -0.0360956886577 |   -0.0360956886577 |
|   3.72916666667 |   0.0 |   -0.0182035784661 |   -0.0182035784661 |
|            3.75 |   0.0 | -3.75830826378e-16 | -3.75830826378e-16 |
|   3.77083333333 |   0.0 |    0.0182035784661 |    0.0182035784661 |
|   3.79166666667 |   0.0 |    0.0360956886577 |    0.0360956886577 |
|          3.8125 |   0.0 |    0.0533701916088 |    0.0533701916088 |
|   3.83333333333 |   0.0 |    0.0697315157844 |    0.0697315157844 |
|   3.85416666667 |   0.0 |    0.0848997143917 |    0.0848997143917 |
|           3.875 |   0.0 |    0.0986152553471 |    0.0986152553471 |
|   3.89583333333 |   0.0 |     0.110643461942 |     0.110643461942 |
|   3.91666666667 |   0.0 |     0.120778528227 |     0.120778528227 |
|          3.9375 |   0.0 |     0.128847040408 |     0.128847040408 |
|   3.95833333333 |   0.0 |     0.134710944005 |     0.134710944005 |
|   3.97916666667 |   0.0 |        0.138269906 |        0.138269906 |
|             4.0 |   0.0 |     0.139463031569 |     0.139463031569 |
|   4.02083333333 |   0.0 |        0.138269906 |        0.138269906 |
|   4.04166666667 |   0.0 |     0.134710944005 |     0.134710944005 |
|          4.0625 |   0.0 |     0.128847040408 |     0.128847040408 |
|   4.08333333333 |   0.0 |     0.120778528227 |     0.120778528227 |
|   4.10416666667 |   0.0 |     0.110643461942 |     0.110643461942 |
|           4.125 |   0.0 |    0.0986152553471 |    0.0986152553471 |
|   4.14583333333 |   0.0 |    0.0848997143917 |    0.0848997143917 |
|   4.16666666667 |   0.0 |    0.0697315157844 |    0.0697315157844 |
|          4.1875 |   0.0 |    0.0533701916088 |    0.0533701916088 |
|   4.20833333333 |   0.0 |    0.0360956886577 |    0.0360956886577 |
|   4.22916666667 |   0.0 |    0.0182035784661 |    0.0182035784661 |
|            4.25 |   0.0 | -1.02562098042e-16 | -1.02562098042e-16 |
|   4.27083333333 |   0.0 |   -0.0182035784661 |   -0.0182035784661 |
|   4.29166666667 |   0.0 |   -0.0360956886577 |   -0.0360956886577 |
|          4.3125 |   0.0 |   -0.0533701916088 |   -0.0533701916088 |
|   4.33333333333 |   0.0 |   -0.0697315157844 |   -0.0697315157844 |
|   4.35416666667 |   0.0 |   -0.0848997143917 |   -0.0848997143917 |
|           4.375 |   0.0 |   -0.0986152553471 |   -0.0986152553471 |
|   4.39583333333 |   0.0 |    -0.110643461942 |    -0.110643461942 |
|   4.41666666667 |   0.0 |    -0.120778528227 |    -0.120778528227 |
|          4.4375 |   0.0 |    -0.128847040408 |    -0.128847040408 |
|   4.45833333333 |   0.0 |    -0.134710944005 |    -0.134710944005 |
|   4.47916666667 |   0.0 |       -0.138269906 |       -0.138269906 |
|             4.5 |   0.0 |    -0.139463031569 |    -0.139463031569 |
|   4.52083333333 |   0.0 |       -0.138269906 |       -0.138269906 |
|   4.54166666667 |   0.0 |    -0.134710944005 |    -0.134710944005 |
|          4.5625 |   0.0 |    -0.128847040408 |    -0.128847040408 |
|   4.58333333333 |   0.0 |    -0.120778528227 |    -0.120778528227 |
|   4.60416666667 |   0.0 |    -0.110643461942 |    -0.110643461942 |
|           4.625 |   0.0 |   -0.0986152553471 |   -0.0986152553471 |
|   4.64583333333 |   0.0 |   -0.0848997143917 |   -0.0848997143917 |
|   4.66666666667 |   0.0 |   -0.0697315157844 |   -0.0697315157844 |
|          4.6875 |   0.0 |   -0.0533701916088 |   -0.0533701916088 |
|   4.70833333333 |   0.0 |   -0.0360956886577 |   -0.0360956886577 |
|   4.72916666667 |   0.0 |   -0.0182035784661 |   -0.0182035784661 |
|            4.75 |   0.0 |  -4.0998941742e-16 |  -4.0998941742e-16 |
|   4.77083333333 |   0.0 |    0.0182035784661 |    0.0182035784661 |
|   4.79166666667 |   0.0 |    0.0360956886577 |    0.0360956886577 |
|          4.8125 |   0.0 |    0.0533701916088 |    0.0533701916088 |
|   4.83333333333 |   0.0 |    0.0697315157844 |    0.0697315157844 |
|   4.85416666667 |   0.0 |    0.0848997143917 |    0.0848997143917 |
|           4.875 |   0.0 |    0.0986152553471 |    0.0986152553471 |
|   4.89583333333 |   0.0 |     0.110643461942 |     0.110643461942 |
|   4.91666666667 |   0.0 |     0.120778528227 |     0.120778528227 |
|          4.9375 |   0.0 |     0.128847040408 |     0.128847040408 |
|   4.95833333333 |   0.0 |     0.134710944005 |     0.134710944005 |
|   4.97916666667 |   0.0 |        0.138269906 |        0.138269906 |
|             5.0 |   0.0 |     0.139463031569 |     0.139463031569 |
|   5.02083333333 |   0.0 |        0.138269906 |        0.138269906 |
|   5.04166666667 |   0.0 |     0.134710944005 |     0.134710944005 |
|          5.0625 |   0.0 |     0.128847040408 |     0.128847040408 |
|   5.08333333333 |   0.0 |     0.120778528227 |     0.120778528227 |
|   5.10416666667 |   0.0 |     0.110643461942 |     0.110643461942 |
|           5.125 |   0.0 |    0.0986152553471 |    0.0986152553471 |
|   5.14583333333 |   0.0 |    0.0848997143917 |    0.0848997143917 |
|   5.16666666667 |   0.0 |    0.0697315157844 |    0.0697315157844 |
|          5.1875 |   0.0 |    0.0533701916088 |    0.0533701916088 |
|   5.20833333333 |   0.0 |    0.0360956886577 |    0.0360956886577 |
|   5.22916666667 |   0.0 |    0.0182035784661 |    0.0182035784661 |
|            5.25 |   0.0 | -6.84035070001e-17 | -6.84035070001e-17 |
|   5.27083333333 |   0.0 |   -0.0182035784661 |   -0.0182035784661 |
|   5.29166666667 |   0.0 |   -0.0360956886577 |   -0.0360956886577 |
|          5.3125 |   0.0 |   -0.0533701916088 |   -0.0533701916088 |
|   5.33333333333 |   0.0 |   -0.0697315157844 |   -0.0697315157844 |
|   5.35416666667 |   0.0 |   -0.0848997143917 |   -0.0848997143917 |
|           5.375 |   0.0 |   -0.0986152553471 |   -0.0986152553471 |
|   5.39583333333 |   0.0 |    -0.110643461942 |    -0.110643461942 |
|   5.41666666667 |   0.0 |    -0.120778528227 |    -0.120778528227 |
|          5.4375 |   0.0 |    -0.128847040408 |    -0.128847040408 |
|   5.45833333333 |   0.0 |    -0.134710944005 |    -0.134710944005 |
|   5.47916666667 |   0.0 |       -0.138269906 |       -0.138269906 |
|             5.5 |   0.0 |    -0.139463031569 |    -0.139463031569 |
|   5.52083333333 |   0.0 |       -0.138269906 |       -0.138269906 |
|   5.54166666667 |   0.0 |    -0.134710944005 |    -0.134710944005 |
|          5.5625 |   0.0 |    -0.128847040408 |    -0.128847040408 |
|   5.58333333333 |   0.0 |    -0.120778528227 |    -0.120778528227 |
|   5.60416666667 |   0.0 |    -0.110643461942 |    -0.110643461942 |
|           5.625 |   0.0 |   -0.0986152553471 |   -0.0986152553471 |
|   5.64583333333 |   0.0 |   -0.0848997143917 |   -0.0848997143917 |
|   5.66666666667 |   0.0 |   -0.0697315157844 |   -0.0697315157844 |
|          5.6875 |   0.0 |   -0.0533701916088 |   -0.0533701916088 |
|   5.70833333333 |   0.0 |   -0.0360956886577 |   -0.0360956886577 |
|   5.72916666667 |   0.0 |   -0.0182035784661 |   -0.0182035784661 |
|            5.75 |   0.0 | -4.44148008462e-16 | -4.44148008462e-16 |
|   5.77083333333 |   0.0 |    0.0182035784661 |    0.0182035784661 |
|   5.79166666667 |   0.0 |    0.0360956886577 |    0.0360956886577 |
|          5.8125 |   0.0 |    0.0533701916088 |    0.0533701916088 |
|   5.83333333333 |   0.0 |    0.0697315157844 |    0.0697315157844 |
|   5.85416666667 |   0.0 |    0.0848997143917 |    0.0848997143917 |
|           5.875 |   0.0 |    0.0986152553471 |    0.0986152553471 |
|   5.89583333333 |   0.0 |     0.110643461942 |     0.110643461942 |
|   5.91666666667 |   0.0 |     0.120778528227 |     0.120778528227 |
|          5.9375 |   0.0 |     0.128847040408 |     0.128847040408 |
|   5.95833333333 |   0.0 |     0.134710944005 |     0.134710944005 |
|   5.97916666667 |   0.0 |        0.138269906 |        0.138269906 |
|             6.0 |   0.0 |     0.139463031569 |     0.139463031569 |
|   6.02083333333 |   0.0 |        0.138269906 |        0.138269906 |
|   6.04166666667 |   0.0 |     0.134710944005 |     0.134710944005 |
|          6.0625 |   0.0 |     0.128847040408 |     0.128847040408 |
|   6.08333333333 |   0.0 |     0.120778528227 |     0.120778528227 |
|   6.10416666667 |   0.0 |     0.110643461942 |     0.110643461942 |
|           6.125 |   0.0 |    0.0986152553471 |    0.0986152553471 |
|   6.14583333333 |   0.0 |    0.0848997143917 |    0.0848997143917 |
|   6.16666666667 |   0.0 |    0.0697315157844 |    0.0697315157844 |
|          6.1875 |   0.0 |    0.0533701916088 |    0.0533701916088 |
|   6.20833333333 |   0.0 |    0.0360956886577 |    0.0360956886577 |
|   6.22916666667 |   0.0 |    0.0182035784661 |    0.0182035784661 |
|            6.25 |   0.0 | -3.42449159581e-17 | -3.42449159581e-17 |
|   6.27083333333 |   0.0 |   -0.0182035784661 |   -0.0182035784661 |
|   6.29166666667 |   0.0 |   -0.0360956886577 |   -0.0360956886577 |
|          6.3125 |   0.0 |   -0.0533701916088 |   -0.0533701916088 |
|   6.33333333333 |   0.0 |   -0.0697315157844 |   -0.0697315157844 |
|   6.35416666667 |   0.0 |   -0.0848997143917 |   -0.0848997143917 |
|           6.375 |   0.0 |   -0.0986152553471 |   -0.0986152553471 |
|   6.39583333333 |   0.0 |    -0.110643461942 |    -0.110643461942 |
|   6.41666666667 |   0.0 |    -0.120778528227 |    -0.120778528227 |
|          6.4375 |   0.0 |    -0.128847040408 |    -0.128847040408 |
|   6.45833333333 |   0.0 |    -0.134710944005 |    -0.134710944005 |
|   6.47916666667 |   0.0 |       -0.138269906 |       -0.138269906 |
|             6.5 |   0.0 |    -0.139463031569 |    -0.139463031569 |
|   6.52083333333 |   0.0 |       -0.138269906 |       -0.138269906 |
|   6.54166666667 |   0.0 |    -0.134710944005 |    -0.134710944005 |
|          6.5625 |   0.0 |    -0.128847040408 |    -0.128847040408 |
|   6.58333333333 |   0.0 |    -0.120778528227 |    -0.120778528227 |
|   6.60416666667 |   0.0 |    -0.110643461942 |    -0.110643461942 |
|           6.625 |   0.0 |   -0.0986152553471 |   -0.0986152553471 |
|   6.64583333333 |   0.0 |   -0.0848997143917 |   -0.0848997143917 |
|   6.66666666667 |   0.0 |   -0.0697315157844 |   -0.0697315157844 |
|          6.6875 |   0.0 |   -0.0533701916088 |   -0.0533701916088 |
|   6.70833333333 |   0.0 |   -0.0360956886577 |   -0.0360956886577 |
|   6.72916666667 |   0.0 |   -0.0182035784661 |   -0.0182035784661 |
|            6.75 |   0.0 | -4.78306599504e-16 | -4.78306599504e-16 |
|   6.77083333333 |   0.0 |    0.0182035784661 |    0.0182035784661 |
|   6.79166666667 |   0.0 |    0.0360956886577 |    0.0360956886577 |
|          6.8125 |   0.0 |    0.0533701916088 |    0.0533701916088 |
|   6.83333333333 |   0.0 |    0.0697315157844 |    0.0697315157844 |
|   6.85416666667 |   0.0 |    0.0848997143917 |    0.0848997143917 |
|           6.875 |   0.0 |    0.0986152553471 |    0.0986152553471 |
|   6.89583333333 |   0.0 |     0.110643461942 |     0.110643461942 |
|   6.91666666667 |   0.0 |     0.120778528227 |     0.120778528227 |
|          6.9375 |   0.0 |     0.128847040408 |     0.128847040408 |
|   6.95833333333 |   0.0 |     0.134710944005 |     0.134710944005 |
|   6.97916666667 |   0.0 |        0.138269906 |        0.138269906 |
|             7.0 |   0.0 |     0.139463031569 |     0.139463031569 |
|   7.02083333333 |   0.0 |        0.138269906 |        0.138269906 |
|   7.04166666667 |   0.0 |     0.134710944005 |     0.134710944005 |
|          7.0625 |   0.0 |     0.128847040408 |     0.128847040408 |
|   7.08333333333 |   0.0 |     0.120778528227 |     0.120778528227 |
|   7.10416666667 |   0.0 |     0.110643461942 |     0.110643461942 |
|           7.125 |   0.0 |    0.0986152553471 |    0.0986152553471 |
|   7.14583333333 |   0.0 |    0.0848997143917 |    0.0848997143917 |
|   7.16666666667 |   0.0 |    0.0697315157844 |    0.0697315157844 |
|          7.1875 |   0.0 |    0.0533701916088 |    0.0533701916088 |
|   7.20833333333 |   0.0 |    0.0360956886577 |    0.0360956886577 |
|   7.22916666667 |   0.0 |    0.0182035784661 |    0.0182035784661 |
|            7.25 |   0.0 | -8.63249160609e-20 | -8.63249160609e-20 |
|   7.27083333333 |   0.0 |   -0.0182035784661 |   -0.0182035784661 |
|   7.29166666667 |   0.0 |   -0.0360956886577 |   -0.0360956886577 |
|          7.3125 |   0.0 |   -0.0533701916088 |   -0.0533701916088 |
|   7.33333333333 |   0.0 |   -0.0697315157844 |   -0.0697315157844 |
|   7.35416666667 |   0.0 |   -0.0848997143917 |   -0.0848997143917 |
|           7.375 |   0.0 |   -0.0986152553471 |   -0.0986152553471 |
|   7.39583333333 |   0.0 |    -0.110643461942 |    -0.110643461942 |
|   7.41666666667 |   0.0 |    -0.120778528227 |    -0.120778528227 |
|          7.4375 |   0.0 |    -0.128847040408 |    -0.128847040408 |
|   7.45833333333 |   0.0 |    -0.134710944005 |    -0.134710944005 |
|   7.47916666667 |   0.0 |       -0.138269906 |       -0.138269906 |
|             7.5 |   0.0 |    -0.139463031569 |    -0.139463031569 |
|   7.52083333333 |   0.0 |       -0.138269906 |       -0.138269906 |
|   7.54166666667 |   0.0 |    -0.134710944005 |    -0.134710944005 |
|          7.5625 |   0.0 |    -0.128847040408 |    -0.128847040408 |
|   7.58333333333 |   0.0 |    -0.120778528227 |    -0.120778528227 |
|   7.60416666667 |   0.0 |    -0.110643461942 |    -0.110643461942 |
|           7.625 |   0.0 |   -0.0986152553471 |   -0.0986152553471 |
|   7.64583333333 |   0.0 |   -0.0848997143917 |   -0.0848997143917 |
|   7.66666666667 |   0.0 |   -0.0697315157844 |   -0.0697315157844 |
|          7.6875 |   0.0 |   -0.0533701916088 |   -0.0533701916088 |
|   7.70833333333 |   0.0 |   -0.0360956886577 |   -0.0360956886577 |
|   7.72916666667 |   0.0 |   -0.0182035784661 |   -0.0182035784661 |
|            7.75 |   0.0 | -5.12465190546e-16 | -5.12465190546e-16 |
|   7.77083333333 |   0.0 |    0.0182035784661 |    0.0182035784661 |
|   7.79166666667 |   0.0 |    0.0360956886577 |    0.0360956886577 |
|          7.8125 |   0.0 |    0.0533701916088 |    0.0533701916088 |
|   7.83333333333 |   0.0 |    0.0697315157844 |    0.0697315157844 |
|   7.85416666667 |   0.0 |    0.0848997143917 |    0.0848997143917 |
|           7.875 |   0.0 |    0.0986152553471 |    0.0986152553471 |
|   7.89583333333 |   0.0 |     0.110643461942 |     0.110643461942 |
|   7.91666666667 |   0.0 |     0.120778528227 |     0.120778528227 |
|          7.9375 |   0.0 |     0.128847040408 |     0.128847040408 |
|   7.95833333333 |   0.0 |     0.134710944005 |     0.134710944005 |
|   7.97916666667 |   0.0 |        0.138269906 |        0.138269906 |
|             8.0 |   0.0 |     0.139463031569 |     0.139463031569 |
|   8.02083333333 |   0.0 |        0.138269906 |        0.138269906 |
|   8.04166666667 |   0.0 |     0.134710944005 |     0.134710944005 |
|          8.0625 |   0.0 |     0.128847040408 |     0.128847040408 |
|   8.08333333333 |   0.0 |     0.120778528227 |     0.120778528227 |
|   8.10416666667 |   0.0 |     0.110643461942 |     0.110643461942 |
|           8.125 |   0.0 |    0.0986152553471 |    0.0986152553471 |
|   8.14583333333 |   0.0 |    0.0848997143917 |    0.0848997143917 |
|   8.16666666667 |   0.0 |    0.0697315157844 |    0.0697315157844 |
|          8.1875 |   0.0 |    0.0533701916088 |    0.0533701916088 |
|   8.20833333333 |   0.0 |    0.0360956886577 |    0.0360956886577 |
|   8.22916666667 |   0.0 |    0.0182035784661 |    0.0182035784661 |
|            8.25 |   0.0 |  3.40722661259e-17 |  3.40722661259e-17 |
|   8.27083333333 |   0.0 |   -0.0182035784661 |   -0.0182035784661 |
|   8.29166666667 |   0.0 |   -0.0360956886577 |   -0.0360956886577 |
|          8.3125 |   0.0 |   -0.0533701916088 |   -0.0533701916088 |
|   8.33333333333 |   0.0 |   -0.0697315157844 |   -0.0697315157844 |
|   8.35416666667 |   0.0 |   -0.0848997143917 |   -0.0848997143917 |
|           8.375 |   0.0 |   -0.0986152553471 |   -0.0986152553471 |
|   8.39583333333 |   0.0 |    -0.110643461942 |    -0.110643461942 |
|   8.41666666667 |   0.0 |    -0.120778528227 |    -0.120778528227 |
|          8.4375 |   0.0 |    -0.128847040408 |    -0.128847040408 |
|   8.45833333333 |   0.0 |    -0.134710944005 |    -0.134710944005 |
|   8.47916666667 |   0.0 |       -0.138269906 |       -0.138269906 |
|             8.5 |   0.0 |    -0.139463031569 |    -0.139463031569 |
|   8.52083333333 |   0.0 |       -0.138269906 |       -0.138269906 |
|   8.54166666667 |   0.0 |    -0.134710944005 |    -0.134710944005 |
|          8.5625 |   0.0 |    -0.128847040408 |    -0.128847040408 |
|   8.58333333333 |   0.0 |    -0.120778528227 |    -0.120778528227 |
|   8.60416666667 |   0.0 |    -0.110643461942 |    -0.110643461942 |
|           8.625 |   0.0 |   -0.0986152553471 |   -0.0986152553471 |
|   8.64583333333 |   0.0 |   -0.0848997143917 |   -0.0848997143917 |
|   8.66666666667 |   0.0 |   -0.0697315157844 |   -0.0697315157844 |
|          8.6875 |   0.0 |   -0.0533701916088 |   -0.0533701916088 |
|   8.70833333333 |   0.0 |   -0.0360956886577 |   -0.0360956886577 |
|   8.72916666667 |   0.0 |   -0.0182035784661 |   -0.0182035784661 |
|            8.75 |   0.0 | -5.46623781588e-16 | -5.46623781588e-16 |
|   8.77083333333 |   0.0 |    0.0182035784661 |    0.0182035784661 |
|   8.79166666667 |   0.0 |    0.0360956886577 |    0.0360956886577 |
|          8.8125 |   0.0 |    0.0533701916088 |    0.0533701916088 |
|   8.83333333333 |   0.0 |    0.0697315157844 |    0.0697315157844 |
|   8.85416666667 |   0.0 |    0.0848997143917 |    0.0848997143917 |
|           8.875 |   0.0 |    0.0986152553471 |    0.0986152553471 |
|   8.89583333333 |   0.0 |     0.110643461942 |     0.110643461942 |
|   8.91666666667 |   0.0 |     0.120778528227 |     0.120778528227 |
|          8.9375 |   0.0 |     0.128847040408 |     0.128847040408 |
|   8.95833333333 |   0.0 |     0.134710944005 |     0.134710944005 |
|   8.97916666667 |   0.0 |        0.138269906 |        0.138269906 |
|             9.0 |   0.0 |     0.139463031569 |     0.139463031569 |
|   9.02083333333 |   0.0 |        0.138269906 |        0.138269906 |
|   9.04166666667 |   0.0 |     0.134710944005 |     0.134710944005 |
|          9.0625 |   0.0 |     0.128847040408 |     0.128847040408 |
|   9.08333333333 |   0.0 |     0.120778528227 |     0.120778528227 |
|   9.10416666667 |   0.0 |     0.110643461942 |     0.110643461942 |
|           9.125 |   0.0 |    0.0986152553471 |    0.0986152553471 |
|   9.14583333333 |   0.0 |    0.0848997143917 |    0.0848997143917 |
|   9.16666666667 |   0.0 |    0.0697315157844 |    0.0697315157844 |
|          9.1875 |   0.0 |    0.0533701916088 |    0.0533701916088 |
|   9.20833333333 |   0.0 |    0.0360956886577 |    0.0360956886577 |
|   9.22916666667 |   0.0 |    0.0182035784661 |    0.0182035784661 |
|            9.25 |   0.0 |  6.82308571679e-17 |  6.82308571679e-17 |
|   9.27083333333 |   0.0 |   -0.0182035784661 |   -0.0182035784661 |
|   9.29166666667 |   0.0 |   -0.0360956886577 |   -0.0360956886577 |
|          9.3125 |   0.0 |   -0.0533701916088 |   -0.0533701916088 |
|   9.33333333333 |   0.0 |   -0.0697315157844 |   -0.0697315157844 |
|   9.35416666667 |   0.0 |   -0.0848997143917 |   -0.0848997143917 |
|           9.375 |   0.0 |   -0.0986152553471 |   -0.0986152553471 |
|   9.39583333333 |   0.0 |    -0.110643461942 |    -0.110643461942 |
|   9.41666666667 |   0.0 |    -0.120778528227 |    -0.120778528227 |
|          9.4375 |   0.0 |    -0.128847040408 |    -0.128847040408 |
|   9.45833333333 |   0.0 |    -0.134710944005 |    -0.134710944005 |
|   9.47916666667 |   0.0 |       -0.138269906 |       -0.138269906 |
|             9.5 |   0.0 |    -0.139463031569 |    -0.139463031569 |
|   9.52083333333 |   0.0 |       -0.138269906 |       -0.138269906 |
|   9.54166666667 |   0.0 |    -0.134710944005 |    -0.134710944005 |
|          9.5625 |   0.0 |    -0.128847040408 |    -0.128847040408 |
|   9.58333333333 |   0.0 |    -0.120778528227 |    -0.120778528227 |
|   9.60416666667 |   0.0 |    -0.110643461942 |    -0.110643461942 |
|           9.625 |   0.0 |   -0.0986152553471 |   -0.0986152553471 |
|   9.64583333333 |   0.0 |   -0.0848997143917 |   -0.0848997143917 |
|   9.66666666667 |   0.0 |   -0.0697315157844 |   -0.0697315157844 |
|          9.6875 |   0.0 |   -0.0533701916088 |   -0.0533701916088 |
|   9.70833333333 |   0.0 |   -0.0360956886577 |   -0.0360956886577 |
|   9.72916666667 |   0.0 |   -0.0182035784661 |   -0.0182035784661 |
|            9.75 |   0.0 |  -5.8078237263e-16 |  -5.8078237263e-16 |
|   9.77083333333 |   0.0 |    0.0182035784661 |    0.0182035784661 |
|   9.79166666667 |   0.0 |    0.0360956886577 |    0.0360956886577 |
|          9.8125 |   0.0 |    0.0533701916088 |    0.0533701916088 |
|   9.83333333333 |   0.0 |    0.0697315157844 |    0.0697315157844 |
|   9.85416666667 |   0.0 |    0.0848997143917 |    0.0848997143917 |
|           9.875 |   0.0 |    0.0986152553471 |    0.0986152553471 |
|   9.89583333333 |   0.0 |     0.110643461942 |     0.110643461942 |
|   9.91666666667 |   0.0 |     0.120778528227 |     0.120778528227 |
|          9.9375 |   0.0 |     0.128847040408 |     0.128847040408 |
|   9.95833333333 |   0.0 |     0.134710944005 |     0.134710944005 |
|   9.97916666667 |   0.0 |        0.138269906 |        0.138269906 |
|            10.0 |   0.0 |     0.139463031569 |     0.139463031569 |
|   10.0208333333 |   0.0 |        0.138269906 |        0.138269906 |
|   10.0416666667 |   0.0 |     0.134710944005 |     0.134710944005 |
|         10.0625 |   0.0 |     0.128847040408 |     0.128847040408 |
|   10.0833333333 |   0.0 |     0.120778528227 |     0.120778528227 |
|   10.1041666667 |   0.0 |     0.110643461942 |     0.110643461942 |
|          10.125 |   0.0 |    0.0986152553471 |    0.0986152553471 |
|   10.1458333333 |   0.0 |    0.0848997143917 |    0.0848997143917 |
|   10.1666666667 |   0.0 |    0.0697315157844 |    0.0697315157844 |
|         10.1875 |   0.0 |    0.0533701916088 |    0.0533701916088 |
|   10.2083333333 |   0.0 |    0.0360956886577 |    0.0360956886577 |
|   10.2291666667 |   0.0 |    0.0182035784661 |    0.0182035784661 |
|           10.25 |   0.0 |  1.09333388809e-15 |  1.09333388809e-15 |
|   10.2708333333 |   0.0 |   -0.0182035784661 |   -0.0182035784661 |
|   10.2916666667 |   0.0 |   -0.0360956886577 |   -0.0360956886577 |
|         10.3125 |   0.0 |   -0.0533701916088 |   -0.0533701916088 |
|   10.3333333333 |   0.0 |   -0.0697315157844 |   -0.0697315157844 |
|   10.3541666667 |   0.0 |   -0.0848997143917 |   -0.0848997143917 |
|          10.375 |   0.0 |   -0.0986152553471 |   -0.0986152553471 |
|   10.3958333333 |   0.0 |    -0.110643461942 |    -0.110643461942 |
|   10.4166666667 |   0.0 |    -0.120778528227 |    -0.120778528227 |
|         10.4375 |   0.0 |    -0.128847040408 |    -0.128847040408 |
|   10.4583333333 |   0.0 |    -0.134710944005 |    -0.134710944005 |
|   10.4791666667 |   0.0 |       -0.138269906 |       -0.138269906 |
|            10.5 |   0.0 |    -0.139463031569 |    -0.139463031569 |
|   10.5208333333 |   0.0 |       -0.138269906 |       -0.138269906 |
|   10.5416666667 |   0.0 |    -0.134710944005 |    -0.134710944005 |
|         10.5625 |   0.0 |    -0.128847040408 |    -0.128847040408 |
|   10.5833333333 |   0.0 |    -0.120778528227 |    -0.120778528227 |
|   10.6041666667 |   0.0 |    -0.110643461942 |    -0.110643461942 |
|          10.625 |   0.0 |   -0.0986152553471 |   -0.0986152553471 |
|   10.6458333333 |   0.0 |   -0.0848997143917 |   -0.0848997143917 |
|   10.6666666667 |   0.0 |   -0.0697315157844 |   -0.0697315157844 |
|         10.6875 |   0.0 |   -0.0533701916088 |   -0.0533701916088 |
|   10.7083333333 |   0.0 |   -0.0360956886577 |   -0.0360956886577 |
|   10.7291666667 |   0.0 |   -0.0182035784661 |   -0.0182035784661 |
|           10.75 |   0.0 | -6.14940963672e-16 | -6.14940963672e-16 |
|   10.7708333333 |   0.0 |    0.0182035784661 |    0.0182035784661 |
|   10.7916666667 |   0.0 |    0.0360956886577 |    0.0360956886577 |
|         10.8125 |   0.0 |    0.0533701916088 |    0.0533701916088 |
|   10.8333333333 |   0.0 |    0.0697315157844 |    0.0697315157844 |
|   10.8541666667 |   0.0 |    0.0848997143917 |    0.0848997143917 |
|          10.875 |   0.0 |    0.0986152553471 |    0.0986152553471 |
|   10.8958333333 |   0.0 |     0.110643461942 |     0.110643461942 |
|   10.9166666667 |   0.0 |     0.120778528227 |     0.120778528227 |
|         10.9375 |   0.0 |     0.128847040408 |     0.128847040408 |
|   10.9583333333 |   0.0 |     0.134710944005 |     0.134710944005 |
|   10.9791666667 |   0.0 |        0.138269906 |        0.138269906 |
|            11.0 |   0.0 |     0.139463031569 |     0.139463031569 |
|   11.0208333333 |   0.0 |        0.138269906 |        0.138269906 |
|   11.0416666667 |   0.0 |     0.134710944005 |     0.134710944005 |
|         11.0625 |   0.0 |     0.128847040408 |     0.128847040408 |
|   11.0833333333 |   0.0 |     0.120778528227 |     0.120778528227 |
|   11.1041666667 |   0.0 |     0.110643461942 |     0.110643461942 |
|          11.125 |   0.0 |    0.0986152553471 |    0.0986152553471 |
|   11.1458333333 |   0.0 |    0.0848997143917 |    0.0848997143917 |
|   11.1666666667 |   0.0 |    0.0697315157844 |    0.0697315157844 |
|         11.1875 |   0.0 |    0.0533701916088 |    0.0533701916088 |
|   11.2083333333 |   0.0 |    0.0360956886577 |    0.0360956886577 |
|   11.2291666667 |   0.0 |    0.0182035784661 |    0.0182035784661 |
|           11.25 |   0.0 |  1.36548039252e-16 |  1.36548039252e-16 |
|   11.2708333333 |   0.0 |   -0.0182035784661 |   -0.0182035784661 |
|   11.2916666667 |   0.0 |   -0.0360956886577 |   -0.0360956886577 |
|         11.3125 |   0.0 |   -0.0533701916088 |   -0.0533701916088 |
|   11.3333333333 |   0.0 |   -0.0697315157844 |   -0.0697315157844 |
|   11.3541666667 |   0.0 |   -0.0848997143917 |   -0.0848997143917 |
|          11.375 |   0.0 |   -0.0986152553471 |   -0.0986152553471 |
|   11.3958333333 |   0.0 |    -0.110643461942 |    -0.110643461942 |
|   11.4166666667 |   0.0 |    -0.120778528227 |    -0.120778528227 |
|         11.4375 |   0.0 |    -0.128847040408 |    -0.128847040408 |
|   11.4583333333 |   0.0 |    -0.134710944005 |    -0.134710944005 |
|   11.4791666667 |   0.0 |       -0.138269906 |       -0.138269906 |
|            11.5 |   0.0 |    -0.139463031569 |    -0.139463031569 |
|   11.5208333333 |   0.0 |       -0.138269906 |       -0.138269906 |
|   11.5416666667 |   0.0 |    -0.134710944005 |    -0.134710944005 |
|         11.5625 |   0.0 |    -0.128847040408 |    -0.128847040408 |
|   11.5833333333 |   0.0 |    -0.120778528227 |    -0.120778528227 |
|   11.6041666667 |   0.0 |    -0.110643461942 |    -0.110643461942 |
|          11.625 |   0.0 |   -0.0986152553471 |   -0.0986152553471 |
|   11.6458333333 |   0.0 |   -0.0848997143917 |   -0.0848997143917 |
|   11.6666666667 |   0.0 |   -0.0697315157844 |   -0.0697315157844 |
|         11.6875 |   0.0 |   -0.0533701916088 |   -0.0533701916088 |
|   11.7083333333 |   0.0 |   -0.0360956886577 |   -0.0360956886577 |
|   11.7291666667 |   0.0 |   -0.0182035784661 |   -0.0182035784661 |
|           11.75 |   0.0 |  3.41844885168e-16 |  3.41844885168e-16 |
|   11.7708333333 |   0.0 |    0.0182035784661 |    0.0182035784661 |
|   11.7916666667 |   0.0 |    0.0360956886577 |    0.0360956886577 |
|         11.8125 |   0.0 |    0.0533701916088 |    0.0533701916088 |
|   11.8333333333 |   0.0 |    0.0697315157844 |    0.0697315157844 |
|   11.8541666667 |   0.0 |    0.0848997143917 |    0.0848997143917 |
|          11.875 |   0.0 |    0.0986152553471 |    0.0986152553471 |
|   11.8958333333 |   0.0 |     0.110643461942 |     0.110643461942 |
|   11.9166666667 |   0.0 |     0.120778528227 |     0.120778528227 |
|         11.9375 |   0.0 |     0.128847040408 |     0.128847040408 |
|   11.9583333333 |   0.0 |     0.134710944005 |     0.134710944005 |
|   11.9791666667 |   0.0 |        0.138269906 |        0.138269906 |
|            12.0 |   0.0 |     0.139463031569 |     0.139463031569 |
|   12.0208333333 |   0.0 |        0.138269906 |        0.138269906 |
|   12.0416666667 |   0.0 |     0.134710944005 |     0.134710944005 |
|         12.0625 |   0.0 |     0.128847040408 |     0.128847040408 |
|   12.0833333333 |   0.0 |     0.120778528227 |     0.120778528227 |
|   12.1041666667 |   0.0 |     0.110643461942 |     0.110643461942 |
|          12.125 |   0.0 |    0.0986152553471 |    0.0986152553471 |
|   12.1458333333 |   0.0 |    0.0848997143917 |    0.0848997143917 |
|   12.1666666667 |   0.0 |    0.0697315157844 |    0.0697315157844 |
|         12.1875 |   0.0 |    0.0533701916088 |    0.0533701916088 |
|   12.2083333333 |   0.0 |    0.0360956886577 |    0.0360956886577 |
|   12.2291666667 |   0.0 |    0.0182035784661 |    0.0182035784661 |
|           12.25 |   0.0 |  1.16165107018e-15 |  1.16165107018e-15 |
|   12.2708333333 |   0.0 |   -0.0182035784661 |   -0.0182035784661 |
|   12.2916666667 |   0.0 |   -0.0360956886577 |   -0.0360956886577 |
|         12.3125 |   0.0 |   -0.0533701916088 |   -0.0533701916088 |
|   12.3333333333 |   0.0 |   -0.0697315157844 |   -0.0697315157844 |
|   12.3541666667 |   0.0 |   -0.0848997143917 |   -0.0848997143917 |
|          12.375 |   0.0 |   -0.0986152553471 |   -0.0986152553471 |
|   12.3958333333 |   0.0 |    -0.110643461942 |    -0.110643461942 |
|   12.4166666667 |   0.0 |    -0.120778528227 |    -0.120778528227 |
|         12.4375 |   0.0 |    -0.128847040408 |    -0.128847040408 |
|   12.4583333333 |   0.0 |    -0.134710944005 |    -0.134710944005 |
|   12.4791666667 |   0.0 |       -0.138269906 |       -0.138269906 |
|            12.5 |   0.0 |    -0.139463031569 |    -0.139463031569 |
|   12.5208333333 |   0.0 |       -0.138269906 |       -0.138269906 |
|   12.5416666667 |   0.0 |    -0.134710944005 |    -0.134710944005 |
|         12.5625 |   0.0 |    -0.128847040408 |    -0.128847040408 |
|   12.5833333333 |   0.0 |    -0.120778528227 |    -0.120778528227 |
|   12.6041666667 |   0.0 |    -0.110643461942 |    -0.110643461942 |
|          12.625 |   0.0 |   -0.0986152553471 |   -0.0986152553471 |
|   12.6458333333 |   0.0 |   -0.0848997143917 |   -0.0848997143917 |
|   12.6666666667 |   0.0 |   -0.0697315157844 |   -0.0697315157844 |
|         12.6875 |   0.0 |   -0.0533701916088 |   -0.0533701916088 |
|   12.7083333333 |   0.0 |   -0.0360956886577 |   -0.0360956886577 |
|   12.7291666667 |   0.0 |   -0.0182035784661 |   -0.0182035784661 |
|           12.75 |   0.0 | -6.83258145756e-16 | -6.83258145756e-16 |
|   12.7708333333 |   0.0 |    0.0182035784661 |    0.0182035784661 |
|   12.7916666667 |   0.0 |    0.0360956886577 |    0.0360956886577 |
|         12.8125 |   0.0 |    0.0533701916088 |    0.0533701916088 |
|   12.8333333333 |   0.0 |    0.0697315157844 |    0.0697315157844 |
|   12.8541666667 |   0.0 |    0.0848997143917 |    0.0848997143917 |
|          12.875 |   0.0 |    0.0986152553471 |    0.0986152553471 |
|   12.8958333333 |   0.0 |     0.110643461942 |     0.110643461942 |
|   12.9166666667 |   0.0 |     0.120778528227 |     0.120778528227 |
|         12.9375 |   0.0 |     0.128847040408 |     0.128847040408 |
|   12.9583333333 |   0.0 |     0.134710944005 |     0.134710944005 |
|   12.9791666667 |   0.0 |        0.138269906 |        0.138269906 |
|            13.0 |   0.0 |     0.139463031569 |     0.139463031569 |
|   13.0208333333 |   0.0 |        0.138269906 |        0.138269906 |
|   13.0416666667 |   0.0 |     0.134710944005 |     0.134710944005 |
|         13.0625 |   0.0 |     0.128847040408 |     0.128847040408 |
|   13.0833333333 |   0.0 |     0.120778528227 |     0.120778528227 |
|   13.1041666667 |   0.0 |     0.110643461942 |     0.110643461942 |
|          13.125 |   0.0 |    0.0986152553471 |    0.0986152553471 |
|   13.1458333333 |   0.0 |    0.0848997143917 |    0.0848997143917 |
|   13.1666666667 |   0.0 |    0.0697315157844 |    0.0697315157844 |
|         13.1875 |   0.0 |    0.0533701916088 |    0.0533701916088 |
|   13.2083333333 |   0.0 |    0.0360956886577 |    0.0360956886577 |
|   13.2291666667 |   0.0 |    0.0182035784661 |    0.0182035784661 |
|           13.25 |   0.0 |  2.04865221336e-16 |  2.04865221336e-16 |
|   13.2708333333 |   0.0 |   -0.0182035784661 |   -0.0182035784661 |
|   13.2916666667 |   0.0 |   -0.0360956886577 |   -0.0360956886577 |
|         13.3125 |   0.0 |   -0.0533701916088 |   -0.0533701916088 |
|   13.3333333333 |   0.0 |   -0.0697315157844 |   -0.0697315157844 |
|   13.3541666667 |   0.0 |   -0.0848997143917 |   -0.0848997143917 |
|          13.375 |   0.0 |   -0.0986152553471 |   -0.0986152553471 |
|   13.3958333333 |   0.0 |    -0.110643461942 |    -0.110643461942 |
|   13.4166666667 |   0.0 |    -0.120778528227 |    -0.120778528227 |
|         13.4375 |   0.0 |    -0.128847040408 |    -0.128847040408 |
|   13.4583333333 |   0.0 |    -0.134710944005 |    -0.134710944005 |
|   13.4791666667 |   0.0 |       -0.138269906 |       -0.138269906 |
|            13.5 |   0.0 |    -0.139463031569 |    -0.139463031569 |
|   13.5208333333 |   0.0 |       -0.138269906 |       -0.138269906 |
|   13.5416666667 |   0.0 |    -0.134710944005 |    -0.134710944005 |
|         13.5625 |   0.0 |    -0.128847040408 |    -0.128847040408 |
|   13.5833333333 |   0.0 |    -0.120778528227 |    -0.120778528227 |
|   13.6041666667 |   0.0 |    -0.110643461942 |    -0.110643461942 |
|          13.625 |   0.0 |   -0.0986152553471 |   -0.0986152553471 |
|   13.6458333333 |   0.0 |   -0.0848997143917 |   -0.0848997143917 |
|   13.6666666667 |   0.0 |   -0.0697315157844 |   -0.0697315157844 |
|         13.6875 |   0.0 |   -0.0533701916088 |   -0.0533701916088 |
|   13.7083333333 |   0.0 |   -0.0360956886577 |   -0.0360956886577 |
|   13.7291666667 |   0.0 |   -0.0182035784661 |   -0.0182035784661 |
|           13.75 |   0.0 |  2.73527703084e-16 |  2.73527703084e-16 |
|   13.7708333333 |   0.0 |    0.0182035784661 |    0.0182035784661 |
|   13.7916666667 |   0.0 |    0.0360956886577 |    0.0360956886577 |
|         13.8125 |   0.0 |    0.0533701916088 |    0.0533701916088 |
|   13.8333333333 |   0.0 |    0.0697315157844 |    0.0697315157844 |
|   13.8541666667 |   0.0 |    0.0848997143917 |    0.0848997143917 |
|          13.875 |   0.0 |    0.0986152553471 |    0.0986152553471 |
|   13.8958333333 |   0.0 |     0.110643461942 |     0.110643461942 |
|   13.9166666667 |   0.0 |     0.120778528227 |     0.120778528227 |
|         13.9375 |   0.0 |     0.128847040408 |     0.128847040408 |
|   13.9583333333 |   0.0 |     0.134710944005 |     0.134710944005 |
|   13.9791666667 |   0.0 |        0.138269906 |        0.138269906 |
|            14.0 |   0.0 |     0.139463031569 |     0.139463031569 |
|   14.0208333333 |   0.0 |        0.138269906 |        0.138269906 |
|   14.0416666667 |   0.0 |     0.134710944005 |     0.134710944005 |
|         14.0625 |   0.0 |     0.128847040408 |     0.128847040408 |
|   14.0833333333 |   0.0 |     0.120778528227 |     0.120778528227 |
|   14.1041666667 |   0.0 |     0.110643461942 |     0.110643461942 |
|          14.125 |   0.0 |    0.0986152553471 |    0.0986152553471 |
|   14.1458333333 |   0.0 |    0.0848997143917 |    0.0848997143917 |
|   14.1666666667 |   0.0 |    0.0697315157844 |    0.0697315157844 |
|         14.1875 |   0.0 |    0.0533701916088 |    0.0533701916088 |
|   14.2083333333 |   0.0 |    0.0360956886577 |    0.0360956886577 |
|   14.2291666667 |   0.0 |    0.0182035784661 |    0.0182035784661 |
|           14.25 |   0.0 |  1.22996825226e-15 |  1.22996825226e-15 |
|   14.2708333333 |   0.0 |   -0.0182035784661 |   -0.0182035784661 |
|   14.2916666667 |   0.0 |   -0.0360956886577 |   -0.0360956886577 |
|         14.3125 |   0.0 |   -0.0533701916088 |   -0.0533701916088 |
|   14.3333333333 |   0.0 |   -0.0697315157844 |   -0.0697315157844 |
|   14.3541666667 |   0.0 |   -0.0848997143917 |   -0.0848997143917 |
|          14.375 |   0.0 |   -0.0986152553471 |   -0.0986152553471 |
|   14.3958333333 |   0.0 |    -0.110643461942 |    -0.110643461942 |
|   14.4166666667 |   0.0 |    -0.120778528227 |    -0.120778528227 |
|         14.4375 |   0.0 |    -0.128847040408 |    -0.128847040408 |
|   14.4583333333 |   0.0 |    -0.134710944005 |    -0.134710944005 |
|   14.4791666667 |   0.0 |       -0.138269906 |       -0.138269906 |
|            14.5 |   0.0 |    -0.139463031569 |    -0.139463031569 |
|   14.5208333333 |   0.0 |       -0.138269906 |       -0.138269906 |
|   14.5416666667 |   0.0 |    -0.134710944005 |    -0.134710944005 |
|         14.5625 |   0.0 |    -0.128847040408 |    -0.128847040408 |
|   14.5833333333 |   0.0 |    -0.120778528227 |    -0.120778528227 |
|   14.6041666667 |   0.0 |    -0.110643461942 |    -0.110643461942 |
|          14.625 |   0.0 |   -0.0986152553471 |   -0.0986152553471 |
|   14.6458333333 |   0.0 |   -0.0848997143917 |   -0.0848997143917 |
|   14.6666666667 |   0.0 |   -0.0697315157844 |   -0.0697315157844 |
|         14.6875 |   0.0 |   -0.0533701916088 |   -0.0533701916088 |
|   14.7083333333 |   0.0 |   -0.0360956886577 |   -0.0360956886577 |
|   14.7291666667 |   0.0 |   -0.0182035784661 |   -0.0182035784661 |
|           14.75 |   0.0 |  -7.5157532784e-16 |  -7.5157532784e-16 |
|   14.7708333333 |   0.0 |    0.0182035784661 |    0.0182035784661 |
|   14.7916666667 |   0.0 |    0.0360956886577 |    0.0360956886577 |
|         14.8125 |   0.0 |    0.0533701916088 |    0.0533701916088 |
|   14.8333333333 |   0.0 |    0.0697315157844 |    0.0697315157844 |
|   14.8541666667 |   0.0 |    0.0848997143917 |    0.0848997143917 |
|          14.875 |   0.0 |    0.0986152553471 |    0.0986152553471 |
|   14.8958333333 |   0.0 |     0.110643461942 |     0.110643461942 |
|   14.9166666667 |   0.0 |     0.120778528227 |     0.120778528227 |
|         14.9375 |   0.0 |     0.128847040408 |     0.128847040408 |
|   14.9583333333 |   0.0 |     0.134710944005 |     0.134710944005 |
|   14.9791666667 |   0.0 |        0.138269906 |        0.138269906 |
|            15.0 |   0.0 |     0.139463031569 |     0.139463031569 |
|   15.0208333333 |   0.0 |        0.138269906 |        0.138269906 |
|   15.0416666667 |   0.0 |     0.134710944005 |     0.134710944005 |
|         15.0625 |   0.0 |     0.128847040408 |     0.128847040408 |
|   15.0833333333 |   0.0 |     0.120778528227 |     0.120778528227 |
|   15.1041666667 |   0.0 |     0.110643461942 |     0.110643461942 |
|          15.125 |   0.0 |    0.0986152553471 |    0.0986152553471 |
|   15.1458333333 |   0.0 |    0.0848997143917 |    0.0848997143917 |
|   15.1666666667 |   0.0 |    0.0697315157844 |    0.0697315157844 |
|         15.1875 |   0.0 |    0.0533701916088 |    0.0533701916088 |
|   15.2083333333 |   0.0 |    0.0360956886577 |    0.0360956886577 |
|   15.2291666667 |   0.0 |    0.0182035784661 |    0.0182035784661 |
|           15.25 |   0.0 |   2.7318240342e-16 |   2.7318240342e-16 |
|   15.2708333333 |   0.0 |   -0.0182035784661 |   -0.0182035784661 |
|   15.2916666667 |   0.0 |   -0.0360956886577 |   -0.0360956886577 |
|         15.3125 |   0.0 |   -0.0533701916088 |   -0.0533701916088 |
|   15.3333333333 |   0.0 |   -0.0697315157844 |   -0.0697315157844 |
|   15.3541666667 |   0.0 |   -0.0848997143917 |   -0.0848997143917 |
|          15.375 |   0.0 |   -0.0986152553471 |   -0.0986152553471 |
|   15.3958333333 |   0.0 |    -0.110643461942 |    -0.110643461942 |
|   15.4166666667 |   0.0 |    -0.120778528227 |    -0.120778528227 |
|         15.4375 |   0.0 |    -0.128847040408 |    -0.128847040408 |
|   15.4583333333 |   0.0 |    -0.134710944005 |    -0.134710944005 |
|   15.4791666667 |   0.0 |       -0.138269906 |       -0.138269906 |
|            15.5 |   0.0 |    -0.139463031569 |    -0.139463031569 |
|   15.5208333333 |   0.0 |       -0.138269906 |       -0.138269906 |
|   15.5416666667 |   0.0 |    -0.134710944005 |    -0.134710944005 |
|         15.5625 |   0.0 |    -0.128847040408 |    -0.128847040408 |
|   15.5833333333 |   0.0 |    -0.120778528227 |    -0.120778528227 |
|   15.6041666667 |   0.0 |    -0.110643461942 |    -0.110643461942 |
|          15.625 |   0.0 |   -0.0986152553471 |   -0.0986152553471 |
|   15.6458333333 |   0.0 |   -0.0848997143917 |   -0.0848997143917 |
|   15.6666666667 |   0.0 |   -0.0697315157844 |   -0.0697315157844 |
|         15.6875 |   0.0 |   -0.0533701916088 |   -0.0533701916088 |
|   15.7083333333 |   0.0 |   -0.0360956886577 |   -0.0360956886577 |
|   15.7291666667 |   0.0 |   -0.0182035784661 |   -0.0182035784661 |
|           15.75 |   0.0 |     2.05210521e-16 |     2.05210521e-16 |
|   15.7708333333 |   0.0 |    0.0182035784661 |    0.0182035784661 |
|   15.7916666667 |   0.0 |    0.0360956886577 |    0.0360956886577 |
|         15.8125 |   0.0 |    0.0533701916088 |    0.0533701916088 |
|   15.8333333333 |   0.0 |    0.0697315157844 |    0.0697315157844 |
|   15.8541666667 |   0.0 |    0.0848997143917 |    0.0848997143917 |
|          15.875 |   0.0 |    0.0986152553471 |    0.0986152553471 |
|   15.8958333333 |   0.0 |     0.110643461942 |     0.110643461942 |
|   15.9166666667 |   0.0 |     0.120778528227 |     0.120778528227 |
|         15.9375 |   0.0 |     0.128847040408 |     0.128847040408 |
|   15.9583333333 |   0.0 |     0.134710944005 |     0.134710944005 |
|   15.9791666667 |   0.0 |        0.138269906 |        0.138269906 |
|            16.0 |   0.0 |     0.139463031569 |     0.139463031569 |
|   16.0208333333 |   0.0 |        0.138269906 |        0.138269906 |
|   16.0416666667 |   0.0 |     0.134710944005 |     0.134710944005 |
|         16.0625 |   0.0 |     0.128847040408 |     0.128847040408 |
|   16.0833333333 |   0.0 |     0.120778528227 |     0.120778528227 |
|   16.1041666667 |   0.0 |     0.110643461942 |     0.110643461942 |
|          16.125 |   0.0 |    0.0986152553471 |    0.0986152553471 |
|   16.1458333333 |   0.0 |    0.0848997143917 |    0.0848997143917 |
|   16.1666666667 |   0.0 |    0.0697315157844 |    0.0697315157844 |
|         16.1875 |   0.0 |    0.0533701916088 |    0.0533701916088 |
|   16.2083333333 |   0.0 |    0.0360956886577 |    0.0360956886577 |
|   16.2291666667 |   0.0 |    0.0182035784661 |    0.0182035784661 |
|           16.25 |   0.0 |  1.29828543434e-15 |  1.29828543434e-15 |
|   16.2708333333 |   0.0 |   -0.0182035784661 |   -0.0182035784661 |
|   16.2916666667 |   0.0 |   -0.0360956886577 |   -0.0360956886577 |
|         16.3125 |   0.0 |   -0.0533701916088 |   -0.0533701916088 |
|   16.3333333333 |   0.0 |   -0.0697315157844 |   -0.0697315157844 |
|   16.3541666667 |   0.0 |   -0.0848997143917 |   -0.0848997143917 |
|          16.375 |   0.0 |   -0.0986152553471 |   -0.0986152553471 |
|   16.3958333333 |   0.0 |    -0.110643461942 |    -0.110643461942 |
|   16.4166666667 |   0.0 |    -0.120778528227 |    -0.120778528227 |
|         16.4375 |   0.0 |    -0.128847040408 |    -0.128847040408 |
|   16.4583333333 |   0.0 |    -0.134710944005 |    -0.134710944005 |
|   16.4791666667 |   0.0 |       -0.138269906 |       -0.138269906 |
|            16.5 |   0.0 |    -0.139463031569 |    -0.139463031569 |
|   16.5208333333 |   0.0 |       -0.138269906 |       -0.138269906 |
|   16.5416666667 |   0.0 |    -0.134710944005 |    -0.134710944005 |
|         16.5625 |   0.0 |    -0.128847040408 |    -0.128847040408 |
|   16.5833333333 |   0.0 |    -0.120778528227 |    -0.120778528227 |
|   16.6041666667 |   0.0 |    -0.110643461942 |    -0.110643461942 |
|          16.625 |   0.0 |   -0.0986152553471 |   -0.0986152553471 |
|   16.6458333333 |   0.0 |   -0.0848997143917 |   -0.0848997143917 |
|   16.6666666667 |   0.0 |   -0.0697315157844 |   -0.0697315157844 |
|         16.6875 |   0.0 |   -0.0533701916088 |   -0.0533701916088 |
|   16.7083333333 |   0.0 |   -0.0360956886577 |   -0.0360956886577 |
|   16.7291666667 |   0.0 |   -0.0182035784661 |   -0.0182035784661 |
|           16.75 |   0.0 | -8.19892509924e-16 | -8.19892509924e-16 |
|   16.7708333333 |   0.0 |    0.0182035784661 |    0.0182035784661 |
|   16.7916666667 |   0.0 |    0.0360956886577 |    0.0360956886577 |
|         16.8125 |   0.0 |    0.0533701916088 |    0.0533701916088 |
|   16.8333333333 |   0.0 |    0.0697315157844 |    0.0697315157844 |
|   16.8541666667 |   0.0 |    0.0848997143917 |    0.0848997143917 |
|          16.875 |   0.0 |    0.0986152553471 |    0.0986152553471 |
|   16.8958333333 |   0.0 |     0.110643461942 |     0.110643461942 |
|   16.9166666667 |   0.0 |     0.120778528227 |     0.120778528227 |
|         16.9375 |   0.0 |     0.128847040408 |     0.128847040408 |
|   16.9583333333 |   0.0 |     0.134710944005 |     0.134710944005 |
|   16.9791666667 |   0.0 |        0.138269906 |        0.138269906 |
|            17.0 |   0.0 |     0.139463031569 |     0.139463031569 |
|   17.0208333333 |   0.0 |        0.138269906 |        0.138269906 |
|   17.0416666667 |   0.0 |     0.134710944005 |     0.134710944005 |
|         17.0625 |   0.0 |     0.128847040408 |     0.128847040408 |
|   17.0833333333 |   0.0 |     0.120778528227 |     0.120778528227 |
|   17.1041666667 |   0.0 |     0.110643461942 |     0.110643461942 |
|          17.125 |   0.0 |    0.0986152553471 |    0.0986152553471 |
|   17.1458333333 |   0.0 |    0.0848997143917 |    0.0848997143917 |
|   17.1666666667 |   0.0 |    0.0697315157844 |    0.0697315157844 |
|         17.1875 |   0.0 |    0.0533701916088 |    0.0533701916088 |
|   17.2083333333 |   0.0 |    0.0360956886577 |    0.0360956886577 |
|   17.2291666667 |   0.0 |    0.0182035784661 |    0.0182035784661 |
|           17.25 |   0.0 |  3.41499585504e-16 |  3.41499585504e-16 |
|   17.2708333333 |   0.0 |   -0.0182035784661 |   -0.0182035784661 |
|   17.2916666667 |   0.0 |   -0.0360956886577 |   -0.0360956886577 |
|         17.3125 |   0.0 |   -0.0533701916088 |   -0.0533701916088 |
|   17.3333333333 |   0.0 |   -0.0697315157844 |   -0.0697315157844 |
|   17.3541666667 |   0.0 |   -0.0848997143917 |   -0.0848997143917 |
|          17.375 |   0.0 |   -0.0986152553471 |   -0.0986152553471 |
|   17.3958333333 |   0.0 |    -0.110643461942 |    -0.110643461942 |
|   17.4166666667 |   0.0 |    -0.120778528227 |    -0.120778528227 |
|         17.4375 |   0.0 |    -0.128847040408 |    -0.128847040408 |
|   17.4583333333 |   0.0 |    -0.134710944005 |    -0.134710944005 |
|   17.4791666667 |   0.0 |       -0.138269906 |       -0.138269906 |
|            17.5 |   0.0 |    -0.139463031569 |    -0.139463031569 |
|   17.5208333333 |   0.0 |       -0.138269906 |       -0.138269906 |
|   17.5416666667 |   0.0 |    -0.134710944005 |    -0.134710944005 |
|         17.5625 |   0.0 |    -0.128847040408 |    -0.128847040408 |
|   17.5833333333 |   0.0 |    -0.120778528227 |    -0.120778528227 |
|   17.6041666667 |   0.0 |    -0.110643461942 |    -0.110643461942 |
|          17.625 |   0.0 |   -0.0986152553471 |   -0.0986152553471 |
|   17.6458333333 |   0.0 |   -0.0848997143917 |   -0.0848997143917 |
|   17.6666666667 |   0.0 |   -0.0697315157844 |   -0.0697315157844 |
|         17.6875 |   0.0 |   -0.0533701916088 |   -0.0533701916088 |
|   17.7083333333 |   0.0 |   -0.0360956886577 |   -0.0360956886577 |
|   17.7291666667 |   0.0 |   -0.0182035784661 |   -0.0182035784661 |
|           17.75 |   0.0 |  1.36893338916e-16 |  1.36893338916e-16 |
|   17.7708333333 |   0.0 |    0.0182035784661 |    0.0182035784661 |
|   17.7916666667 |   0.0 |    0.0360956886577 |    0.0360956886577 |
|         17.8125 |   0.0 |    0.0533701916088 |    0.0533701916088 |
|   17.8333333333 |   0.0 |    0.0697315157844 |    0.0697315157844 |
|   17.8541666667 |   0.0 |    0.0848997143917 |    0.0848997143917 |
|          17.875 |   0.0 |    0.0986152553471 |    0.0986152553471 |
|   17.8958333333 |   0.0 |     0.110643461942 |     0.110643461942 |
|   17.9166666667 |   0.0 |     0.120778528227 |     0.120778528227 |
|         17.9375 |   0.0 |     0.128847040408 |     0.128847040408 |
|   17.9583333333 |   0.0 |     0.134710944005 |     0.134710944005 |
|   17.9791666667 |   0.0 |        0.138269906 |        0.138269906 |
|            18.0 |   0.0 |     0.139463031569 |     0.139463031569 |
|   18.0208333333 |   0.0 |        0.138269906 |        0.138269906 |
|   18.0416666667 |   0.0 |     0.134710944005 |     0.134710944005 |
|         18.0625 |   0.0 |     0.128847040408 |     0.128847040408 |
|   18.0833333333 |   0.0 |     0.120778528227 |     0.120778528227 |
|   18.1041666667 |   0.0 |     0.110643461942 |     0.110643461942 |
|          18.125 |   0.0 |    0.0986152553471 |    0.0986152553471 |
|   18.1458333333 |   0.0 |    0.0848997143917 |    0.0848997143917 |
|   18.1666666667 |   0.0 |    0.0697315157844 |    0.0697315157844 |
|         18.1875 |   0.0 |    0.0533701916088 |    0.0533701916088 |
|   18.2083333333 |   0.0 |    0.0360956886577 |    0.0360956886577 |
|   18.2291666667 |   0.0 |    0.0182035784661 |    0.0182035784661 |
|           18.25 |   0.0 |  1.36660261643e-15 |  1.36660261643e-15 |
|   18.2708333333 |   0.0 |   -0.0182035784661 |   -0.0182035784661 |
|   18.2916666667 |   0.0 |   -0.0360956886577 |   -0.0360956886577 |
|         18.3125 |   0.0 |   -0.0533701916088 |   -0.0533701916088 |
|   18.3333333333 |   0.0 |   -0.0697315157844 |   -0.0697315157844 |
|   18.3541666667 |   0.0 |   -0.0848997143917 |   -0.0848997143917 |
|          18.375 |   0.0 |   -0.0986152553471 |   -0.0986152553471 |
|   18.3958333333 |   0.0 |    -0.110643461942 |    -0.110643461942 |
|   18.4166666667 |   0.0 |    -0.120778528227 |    -0.120778528227 |
|         18.4375 |   0.0 |    -0.128847040408 |    -0.128847040408 |
|   18.4583333333 |   0.0 |    -0.134710944005 |    -0.134710944005 |
|   18.4791666667 |   0.0 |       -0.138269906 |       -0.138269906 |
|            18.5 |   0.0 |    -0.139463031569 |    -0.139463031569 |
|   18.5208333333 |   0.0 |       -0.138269906 |       -0.138269906 |
|   18.5416666667 |   0.0 |    -0.134710944005 |    -0.134710944005 |
|         18.5625 |   0.0 |    -0.128847040408 |    -0.128847040408 |
|   18.5833333333 |   0.0 |    -0.120778528227 |    -0.120778528227 |
|   18.6041666667 |   0.0 |    -0.110643461942 |    -0.110643461942 |
|          18.625 |   0.0 |   -0.0986152553471 |   -0.0986152553471 |
|   18.6458333333 |   0.0 |   -0.0848997143917 |   -0.0848997143917 |
|   18.6666666667 |   0.0 |   -0.0697315157844 |   -0.0697315157844 |
|         18.6875 |   0.0 |   -0.0533701916088 |   -0.0533701916088 |
|   18.7083333333 |   0.0 |   -0.0360956886577 |   -0.0360956886577 |
|   18.7291666667 |   0.0 |   -0.0182035784661 |   -0.0182035784661 |
|           18.75 |   0.0 | -8.88209692008e-16 | -8.88209692008e-16 |
|   18.7708333333 |   0.0 |    0.0182035784661 |    0.0182035784661 |
|   18.7916666667 |   0.0 |    0.0360956886577 |    0.0360956886577 |
|         18.8125 |   0.0 |    0.0533701916088 |    0.0533701916088 |
|   18.8333333333 |   0.0 |    0.0697315157844 |    0.0697315157844 |
|   18.8541666667 |   0.0 |    0.0848997143917 |    0.0848997143917 |
|          18.875 |   0.0 |    0.0986152553471 |    0.0986152553471 |
|   18.8958333333 |   0.0 |     0.110643461942 |     0.110643461942 |
|   18.9166666667 |   0.0 |     0.120778528227 |     0.120778528227 |
|         18.9375 |   0.0 |     0.128847040408 |     0.128847040408 |
|   18.9583333333 |   0.0 |     0.134710944005 |     0.134710944005 |
|   18.9791666667 |   0.0 |        0.138269906 |        0.138269906 |
|            19.0 |   0.0 |     0.139463031569 |     0.139463031569 |
|   19.0208333333 |   0.0 |        0.138269906 |        0.138269906 |
|   19.0416666667 |   0.0 |     0.134710944005 |     0.134710944005 |
|         19.0625 |   0.0 |     0.128847040408 |     0.128847040408 |
|   19.0833333333 |   0.0 |     0.120778528227 |     0.120778528227 |
|   19.1041666667 |   0.0 |     0.110643461942 |     0.110643461942 |
|          19.125 |   0.0 |    0.0986152553471 |    0.0986152553471 |
|   19.1458333333 |   0.0 |    0.0848997143917 |    0.0848997143917 |
|   19.1666666667 |   0.0 |    0.0697315157844 |    0.0697315157844 |
|         19.1875 |   0.0 |    0.0533701916088 |    0.0533701916088 |
|   19.2083333333 |   0.0 |    0.0360956886577 |    0.0360956886577 |
|   19.2291666667 |   0.0 |    0.0182035784661 |    0.0182035784661 |
|           19.25 |   0.0 |  4.09816767588e-16 |  4.09816767588e-16 |
|   19.2708333333 |   0.0 |   -0.0182035784661 |   -0.0182035784661 |
|   19.2916666667 |   0.0 |   -0.0360956886577 |   -0.0360956886577 |
|         19.3125 |   0.0 |   -0.0533701916088 |   -0.0533701916088 |
|   19.3333333333 |   0.0 |   -0.0697315157844 |   -0.0697315157844 |
|   19.3541666667 |   0.0 |   -0.0848997143917 |   -0.0848997143917 |
|          19.375 |   0.0 |   -0.0986152553471 |   -0.0986152553471 |
|   19.3958333333 |   0.0 |    -0.110643461942 |    -0.110643461942 |
|   19.4166666667 |   0.0 |    -0.120778528227 |    -0.120778528227 |
|         19.4375 |   0.0 |    -0.128847040408 |    -0.128847040408 |
|   19.4583333333 |   0.0 |    -0.134710944005 |    -0.134710944005 |
|   19.4791666667 |   0.0 |       -0.138269906 |       -0.138269906 |
|            19.5 |   0.0 |    -0.139463031569 |    -0.139463031569 |
|   19.5208333333 |   0.0 |       -0.138269906 |       -0.138269906 |
|   19.5416666667 |   0.0 |    -0.134710944005 |    -0.134710944005 |
|         19.5625 |   0.0 |    -0.128847040408 |    -0.128847040408 |
|   19.5833333333 |   0.0 |    -0.120778528227 |    -0.120778528227 |
|   19.6041666667 |   0.0 |    -0.110643461942 |    -0.110643461942 |
|          19.625 |   0.0 |   -0.0986152553471 |   -0.0986152553471 |
|   19.6458333333 |   0.0 |   -0.0848997143917 |   -0.0848997143917 |
|   19.6666666667 |   0.0 |   -0.0697315157844 |   -0.0697315157844 |
|         19.6875 |   0.0 |   -0.0533701916088 |   -0.0533701916088 |
|   19.7083333333 |   0.0 |   -0.0360956886577 |   -0.0360956886577 |
|   19.7291666667 |   0.0 |   -0.0182035784661 |   -0.0182035784661 |
|           19.75 |   0.0 |  6.85761568322e-17 |  6.85761568322e-17 |
|   19.7708333333 |   0.0 |    0.0182035784661 |    0.0182035784661 |
|   19.7916666667 |   0.0 |    0.0360956886577 |    0.0360956886577 |
|         19.8125 |   0.0 |    0.0533701916088 |    0.0533701916088 |
|   19.8333333333 |   0.0 |    0.0697315157844 |    0.0697315157844 |
|   19.8541666667 |   0.0 |    0.0848997143917 |    0.0848997143917 |
|          19.875 |   0.0 |    0.0986152553471 |    0.0986152553471 |
|   19.8958333333 |   0.0 |     0.110643461942 |     0.110643461942 |
|   19.9166666667 |   0.0 |     0.120778528227 |     0.120778528227 |
|         19.9375 |   0.0 |     0.128847040408 |     0.128847040408 |
|   19.9583333333 |   0.0 |     0.134710944005 |     0.134710944005 |
|   19.9791666667 |   0.0 |        0.138269906 |        0.138269906 |
