|            Time |             Spots |           Bands |            flux |
|             0.0 |  0.00743492973688 | -0.997318018624 | -0.989883088887 |
| 0.0208333333333 |  0.00729529055712 | -0.997073119297 |  -0.98977782874 |
| 0.0416666666667 |  0.00713650916262 | -0.996858085512 | -0.989721576349 |
|          0.0625 |  0.00695892130013 | -0.996673076695 | -0.989714155395 |
| 0.0833333333333 |  0.00676291408251 | -0.996517934194 | -0.989755020112 |
|  0.104166666667 |  0.00654892511501 | -0.996392188423 | -0.989843263308 |
|           0.125 |   0.0063174414793 | -0.996295069372 | -0.989977627892 |
|  0.145833333333 |   0.0060689985776 | -0.996225520358 |  -0.99015652178 |
|  0.166666666667 |  0.00580417883975 | -0.996182214848 | -0.990378036008 |
|          0.1875 |   0.0055236102966 |  -0.99616357616 | -0.990639965864 |
|  0.208333333333 |   0.0052279650232 |  -0.99616779981 | -0.990939834787 |
|  0.229166666667 |  0.00491795745607 | -0.996192878251 | -0.991274920795 |
|            0.25 |  0.00459434258862 | -0.996236627722 | -0.991642285133 |
|  0.270833333333 |  0.00425791404979 | -0.996296716894 | -0.992038802844 |
|  0.291666666667 |  0.00390950207075 | -0.996370696995 | -0.992461194924 |
|          0.3125 |   0.0035499713453 | -0.996456033069 | -0.992906061724 |
|  0.333333333333 |  0.00318021878947 | -0.996550136013 | -0.993369917223 |
|  0.354166666667 |  0.00280117120659 | -0.996650395037 | -0.993849223831 |
|           0.375 |  0.00247865224325 | -0.996754210178 | -0.994275557935 |
|  0.395833333333 |  0.00226755892401 | -0.996859024497 | -0.994591465573 |
|  0.416666666667 |  0.00204961348364 | -0.996962355605 | -0.994912742121 |
|          0.4375 |   0.0018254745108 | -0.997061826165 | -0.995236351654 |
|  0.458333333333 |  0.00159581930977 | -0.997155193014 | -0.995559373704 |
|  0.479166666667 |  0.00136134185382 | -0.997240374594 |  -0.99587903274 |
|             0.5 |  0.00112275068811 | -0.997315476378 |  -0.99619272569 |
|  0.520833333333 | 0.000880766788647 | -0.997378814006 | -0.996498047217 |
|  0.541666666667 | 0.000636121383611 | -0.997428933863 |  -0.99679281248 |
|          0.5625 | 0.000389553743735 | -0.997464630896 | -0.997075077152 |
|  0.583333333333 |  0.00014180894837 | -0.997484963428 |  -0.99734315448 |
|  0.604166666667 |               0.0 | -0.997489264846 | -0.997489264846 |
|           0.625 |               0.0 | -0.997477151996 | -0.997477151996 |
|  0.645833333333 |               0.0 | -0.997448530217 | -0.997448530217 |
|  0.666666666667 |               0.0 | -0.997403594937 | -0.997403594937 |
|          0.6875 |               0.0 | -0.997342829828 | -0.997342829828 |
|  0.708333333333 |               0.0 | -0.997267001523 | -0.997267001523 |
|  0.729166666667 |               0.0 | -0.997177150973 | -0.997177150973 |
|            0.75 |               0.0 | -0.997074581516 | -0.997074581516 |
|  0.770833333333 |               0.0 | -0.996960843813 | -0.996960843813 |
|  0.791666666667 |               0.0 | -0.996837717803 | -0.996837717803 |
|          0.8125 |               0.0 | -0.996707191878 | -0.996707191878 |
|  0.833333333333 |               0.0 | -0.996571439515 | -0.996571439515 |
|  0.854166666667 |               0.0 | -0.996432793631 | -0.996432793631 |
|           0.875 |               0.0 | -0.996293718924 | -0.996293718924 |
|  0.895833333333 |               0.0 | -0.996156782532 | -0.996156782532 |
|  0.916666666667 |               0.0 | -0.996024623327 | -0.996024623327 |
|          0.9375 |               0.0 | -0.995899920188 | -0.995899920188 |
|  0.958333333333 |               0.0 | -0.995785359599 | -0.995785359599 |
|  0.979166666667 |               0.0 | -0.995683602959 | -0.995683602959 |
|             1.0 |               0.0 | -0.995597253936 | -0.995597253936 |
|   1.02083333333 |               0.0 | -0.995528826261 | -0.995528826261 |
|   1.04166666667 |               0.0 | -0.995480712312 | -0.995480712312 |
|          1.0625 |               0.0 | -0.995455152833 | -0.995455152833 |
|   1.08333333333 |               0.0 |  -0.99545420815 |  -0.99545420815 |
|   1.10416666667 |               0.0 | -0.995479731191 | -0.995479731191 |
|           1.125 |               0.0 | -0.995533342629 | -0.995533342629 |
|   1.14583333333 |               0.0 | -0.995616408422 | -0.995616408422 |
|   1.16666666667 |               0.0 | -0.995730020017 | -0.995730020017 |
|          1.1875 |               0.0 |  -0.99587497744 |  -0.99587497744 |
|   1.20833333333 |               0.0 | -0.996051775473 | -0.996051775473 |
|   1.22916666667 |               0.0 |  -0.99626059308 |  -0.99626059308 |
|            1.25 |               0.0 |  -0.99650128621 |  -0.99650128621 |
|   1.27083333333 |               0.0 | -0.996773384078 | -0.996773384078 |
|   1.29166666667 |               0.0 | -0.997076088956 | -0.997076088956 |
|          1.3125 |               0.0 | -0.997408279518 | -0.997408279518 |
|   1.33333333333 |               0.0 | -0.997768517691 | -0.997768517691 |
|   1.35416666667 |               0.0 | -0.998155058969 | -0.998155058969 |
|           1.375 |               0.0 | -0.998565866076 | -0.998565866076 |
|   1.39583333333 |               0.0 | -0.998998625848 | -0.998998625848 |
|   1.41666666667 |               0.0 | -0.999450769168 | -0.999450769168 |
|          1.4375 |               0.0 | -0.999919493741 | -0.999919493741 |
|   1.45833333333 |               0.0 |  -1.00040178947 |  -1.00040178947 |
|   1.47916666667 |               0.0 |  -1.00089446618 |  -1.00089446618 |
|             1.5 |               0.0 |  -1.00139418339 |  -1.00139418339 |
|   1.52083333333 |               0.0 |  -1.00189748182 |  -1.00189748182 |
|   1.54166666667 |               0.0 |  -1.00240081633 |  -1.00240081633 |
|          1.5625 |               0.0 |  -1.00290058982 |  -1.00290058982 |
|   1.58333333333 |               0.0 |    -1.003393188 |    -1.003393188 |
|   1.60416666667 |               0.0 |  -1.00387501429 |  -1.00387501429 |
|           1.625 |               0.0 |  -1.00434252484 |  -1.00434252484 |
|   1.64583333333 |               0.0 |    -1.004792263 |    -1.004792263 |
|   1.66666666667 |               0.0 |  -1.00522089315 |  -1.00522089315 |
|          1.6875 |               0.0 |  -1.00562523324 |  -1.00562523324 |
|   1.70833333333 |               0.0 |  -1.00600228593 |  -1.00600228593 |
|   1.72916666667 |               0.0 |   -1.0063492679 |   -1.0063492679 |
|            1.75 |               0.0 |    -1.006663637 |    -1.006663637 |
|   1.77083333333 |               0.0 |  -1.00694311698 |  -1.00694311698 |
|   1.79166666667 | 7.09132225731e-05 |  -1.00718571954 |  -1.00711480631 |
|          1.8125 | 0.000318856942505 |  -1.00738976347 |  -1.00707090653 |
|   1.83333333333 | 0.000565837138902 |  -1.00755389066 |  -1.00698805353 |
|   1.85416666667 | 0.000951636454669 |  -1.00767707878 |  -1.00672544233 |
|           1.875 |  0.00137795369231 |  -1.00775865058 |  -1.00638069689 |
|   1.89583333333 |   0.0018004444502 |  -1.00779827965 |   -1.0059978352 |
|   1.91666666667 |   0.0022180224622 |  -1.00779599257 |  -1.00557797011 |
|          1.9375 |  0.00262961526221 |  -1.00775216753 |  -1.00512255227 |
|   1.95833333333 |  0.00303416704982 |  -1.00766752924 |   -1.0046333622 |
|   1.97916666667 |  0.00343064150855 |  -1.00754314046 |  -1.00411249895 |
|             2.0 |  0.00381802456871 |  -1.00738038996 |  -1.00356236539 |
|   2.02083333333 |  0.00419532710732 |  -1.00718097727 |  -1.00298565016 |
|   2.04166666667 |  0.00456158757764 |  -1.00694689427 |  -1.00238530669 |
|          2.0625 |   0.0049158745611 |  -1.00668040383 |  -1.00176452927 |
|   2.08333333333 |  0.00525728923459 |  -1.00638401577 |  -1.00112672654 |
|   2.10416666667 |  0.00558496774638 |  -1.00606046038 |  -1.00047549264 |
|           2.125 |  0.00589808349409 |  -1.00571265978 | -0.999814576283 |
|   2.14583333333 |  0.00619584929857 |  -1.00534369743 | -0.999147848133 |
|   2.16666666667 |  0.00647751946776 |  -1.00495678619 | -0.998479266723 |
|          2.1875 |  0.00674239174476 |  -1.00455523512 | -0.997812843377 |
|   2.20833333333 |  0.00698980913512 |  -1.00414241556 | -0.997152606428 |
|   2.22916666667 |   0.0072191616081 |  -1.00372172673 |  -0.99650256512 |
|            2.25 |  0.00742988766757 |  -1.00329656124 | -0.995866673576 |
|   2.27083333333 |  0.00762147578812 |  -1.00287027098 | -0.995248795197 |
|   2.29166666667 |  0.00779346571283 |  -1.00244613359 | -0.994652667877 |
|          2.3125 |  0.00794544960894 |  -1.00202731999 | -0.994081870382 |
|   2.33333333333 |  0.00807707307872 |  -1.00161686332 | -0.993539790244 |
|   2.35416666667 |  0.00818803602268 |  -1.00121762954 |  -0.99302959352 |
|           2.375 |  0.00827809335304 |  -1.00083229006 | -0.992554196709 |
|   2.39583333333 |  0.00834705555566 |  -1.00046329669 | -0.992116241137 |
|   2.41666666667 |  0.00839478909908 |  -1.00011285916 | -0.991718070061 |
|          2.4375 |   0.0084212166898 |  -0.99978292543 |  -0.99136170874 |
|   2.45833333333 |  0.00842631737322 | -0.999475165043 |  -0.99104884767 |
|   2.47916666667 |  0.00841012648033 | -0.999190955638 | -0.990780829158 |
|             2.5 |  0.00837273542045 | -0.998931372787 | -0.990558637367 |
|   2.52083333333 |  0.00831429132085 |  -0.99869718326 | -0.990382891939 |
|   2.54166666667 |  0.00823499651459 | -0.998488841754 | -0.990253845239 |
|          2.5625 |   0.0081351078781 | -0.998306491141 | -0.990171383263 |
|   2.58333333333 |  0.00801493602083 | -0.998149966194 | -0.990135030174 |
|   2.60416666667 |  0.00787484432923 | -0.998018800746 | -0.990143956417 |
|           2.625 |  0.00771524786821 | -0.997912238194 | -0.990196990326 |
|   2.64583333333 |  0.00753661214325 | -0.997829245216 | -0.990292633073 |
|   2.66666666667 |  0.00733945172692 | -0.997768528536 | -0.990429076809 |
|          2.6875 |  0.00712432875392 | -0.997728554543 | -0.990604225789 |
|   2.70833333333 |  0.00689185128907 | -0.997707571529 |  -0.99081572024 |
|   2.72916666667 |  0.00664267157299 | -0.997703634305 | -0.991060962732 |
|            2.75 |  0.00637748415072 | -0.997714630886 | -0.991337146735 |
|   2.77083333333 |  0.00609702388864 | -0.997738310965 | -0.991641287076 |
|   2.79166666667 |  0.00580206388552 | -0.997772315837 | -0.991970251952 |
|          2.8125 |  0.00549341328368 | -0.997814209435 | -0.992320796151 |
|   2.83333333333 |  0.00517191498669 | -0.997861510121 | -0.992689595134 |
|   2.85416666667 |  0.00483844329003 | -0.997911722882 | -0.993073279592 |
|           2.875 |   0.0044939014317 | -0.997962371556 | -0.993468470125 |
|   2.89583333333 |  0.00413921906967 | -0.998011030725 | -0.993871811656 |
|   2.91666666667 |  0.00377534969338 | -0.998055356915 | -0.994280007221 |
|          2.9375 |  0.00340326797676 | -0.998093118749 | -0.994689850773 |
|   2.95833333333 |  0.00302396708028 | -0.998122225718 | -0.995098258638 |
|   2.97916666667 |  0.00267391361449 | -0.998140755226 | -0.995466841611 |
|             3.0 |   0.0025312342872 | -0.998146977626 | -0.995615743339 |
|   3.02083333333 |  0.00238354198244 | -0.998139378947 | -0.995755836965 |
|   3.04166666667 |  0.00223112919711 | -0.998116681055 | -0.995885551858 |
|          3.0625 |  0.00207429777679 | -0.998077859027 |  -0.99600356125 |
|   3.08333333333 |  0.00191335831792 | -0.998022155528 |  -0.99610879721 |
|   3.10416666667 |  0.00174862955271 | -0.997949092039 | -0.996200462486 |
|           3.125 |  0.00158043771788 | -0.997858476787 | -0.996278039069 |
|   3.14583333333 |  0.00140911590859 | -0.997750409305 | -0.996341293397 |
|   3.16666666667 |  0.00123500341874 | -0.997625281551 | -0.996390278133 |
|          3.1875 |  0.00105844506904 | -0.997483775572 | -0.996425330503 |
|   3.20833333333 | 0.000879790524096 | -0.997326857733 | -0.996447067209 |
|   3.22916666667 | 0.000699393599908 | -0.997155769579 | -0.996456375979 |
|            3.25 | 0.000517611563178 | -0.996972015411 | -0.996454403847 |
|   3.27083333333 | 0.000334804423746 |  -0.99677734672 | -0.996442542296 |
|   3.29166666667 | 0.000151334221617 | -0.996573743646 | -0.996422409424 |
|          3.3125 |               0.0 | -0.996363393661 | -0.996363393661 |
|   3.33333333333 |               0.0 | -0.996148667709 | -0.996148667709 |
|   3.35416666667 |               0.0 | -0.995932094064 | -0.995932094064 |
|           3.375 |               0.0 | -0.995716330199 | -0.995716330199 |
|   3.39583333333 |               0.0 | -0.995504132962 | -0.995504132962 |
|   3.41666666667 |               0.0 | -0.995298327401 | -0.995298327401 |
|          3.4375 |               0.0 | -0.995101774576 | -0.995101774576 |
|   3.45833333333 |               0.0 | -0.994917338711 | -0.994917338711 |
|   3.47916666667 |               0.0 | -0.994747854056 | -0.994747854056 |
|             3.5 |               0.0 | -0.994596091822 | -0.994596091822 |
|   3.52083333333 |               0.0 | -0.994464727556 | -0.994464727556 |
|   3.54166666667 |               0.0 | -0.994356309324 | -0.994356309324 |
|          3.5625 |               0.0 | -0.994273227049 | -0.994273227049 |
|   3.58333333333 |               0.0 | -0.994217683352 | -0.994217683352 |
|   3.60416666667 |               0.0 | -0.994191666228 | -0.994191666228 |
|           3.625 |               0.0 | -0.994196923843 | -0.994196923843 |
|   3.64583333333 |               0.0 | -0.994234941773 | -0.994234941773 |
|   3.66666666667 |               0.0 |   -0.9943069229 |   -0.9943069229 |
|          3.6875 |               0.0 | -0.994413770235 | -0.994413770235 |
|   3.70833333333 |               0.0 | -0.994556072834 | -0.994556072834 |
|   3.72916666667 |               0.0 | -0.994734094993 | -0.994734094993 |
|            3.75 |               0.0 | -0.994947768843 | -0.994947768843 |
|   3.77083333333 |               0.0 | -0.995196690436 | -0.995196690436 |
|   3.79166666667 |               0.0 | -0.995480119377 | -0.995480119377 |
|          3.8125 |               0.0 | -0.995796982022 | -0.995796982022 |
|   3.83333333333 |               0.0 | -0.996145878219 | -0.996145878219 |
|   3.85416666667 |               0.0 | -0.996525091516 | -0.996525091516 |
|           3.875 |               0.0 | -0.996932602766 | -0.996932602766 |
|   3.89583333333 |               0.0 | -0.997366106957 | -0.997366106957 |
|   3.91666666667 |               0.0 | -0.997823033133 | -0.997823033133 |
|          3.9375 |               0.0 | -0.998300567164 | -0.998300567164 |
|   3.95833333333 |               0.0 | -0.998795677163 | -0.998795677163 |
|   3.97916666667 |               0.0 | -0.999305141255 | -0.999305141255 |
|             4.0 |               0.0 | -0.999825577431 | -0.999825577431 |
|   4.02083333333 |               0.0 |  -1.00035347516 |  -1.00035347516 |
|   4.04166666667 |               0.0 |  -1.00088522844 |  -1.00088522844 |
|          4.0625 |               0.0 |  -1.00141716989 |  -1.00141716989 |
|   4.08333333333 |               0.0 |  -1.00194560562 |  -1.00194560562 |
|   4.10416666667 |               0.0 |  -1.00246685042 |  -1.00246685042 |
|           4.125 |               0.0 |  -1.00297726291 |  -1.00297726291 |
|   4.14583333333 |               0.0 |  -1.00347328033 |  -1.00347328033 |
|   4.16666666667 |               0.0 |  -1.00395145256 |  -1.00395145256 |
|          4.1875 | 0.000248081468096 |    -1.004408475 |  -1.00416039353 |
|   4.20833333333 | 0.000495413282346 |  -1.00484121999 |  -1.00434580671 |
|   4.22916666667 | 0.000741248054214 |  -1.00524676645 |  -1.00450551839 |
|            4.25 | 0.000984842918933 |  -1.00562242733 |  -1.00463758441 |
|   4.27083333333 |   0.0012254617803 |  -1.00596577479 |  -1.00474031301 |
|   4.29166666667 |    0.001462377535 |  -1.00627466252 |  -1.00481228498 |
|          4.3125 |  0.00169487426982 |  -1.00654724535 |  -1.00485237108 |
|   4.33333333333 |  0.00192224942493 |  -1.00678199561 |  -1.00485974619 |
|   4.35416666667 |  0.00214381591692 |  -1.00697771627 |  -1.00483390036 |
|           4.375 |  0.00235890421504 |  -1.00713355066 |  -1.00477464644 |
|   4.39583333333 |  0.00256686436438 |  -1.00724898865 |  -1.00468212428 |
|   4.41666666667 |  0.00276706794989 |   -1.0073238693 |  -1.00455680135 |
|          4.4375 |  0.00295890999537 |   -1.0073583799 |   -1.0043994699 |
|   4.45833333333 |  0.00314181079153 |  -1.00735305138 |  -1.00421124059 |
|   4.47916666667 |  0.00331521764782 |  -1.00730875031 |  -1.00399353266 |
|             4.5 |  0.00347860656252 |  -1.00722666734 |  -1.00374806078 |
|   4.52083333333 |  0.00363148380617 |  -1.00710830245 |  -1.00347681864 |
|   4.54166666667 |  0.00377338741354 |  -1.00695544703 |  -1.00318205962 |
|          4.5625 |  0.00390388857959 |  -1.00677016302 |  -1.00286627444 |
|   4.58333333333 |  0.00402259295522 |  -1.00655475934 |  -1.00253216638 |
|   4.60416666667 |  0.00412914183894 |  -1.00631176596 |  -1.00218262412 |
|           4.625 |   0.0042232132608 |  -1.00604390569 |  -1.00182069243 |
|   4.64583333333 |   0.0043045229553 |  -1.00575406427 |  -1.00144954131 |
|   4.66666666667 |  0.00437282522038 |  -1.00544525881 |  -1.00107243359 |
|          4.6875 |  0.00442791365992 |  -1.00512060516 |   -1.0006926915 |
|   4.70833333333 |  0.00446962180738 |  -1.00478328444 |  -1.00031366264 |
|   4.72916666667 |  0.00449782362887 |   -1.0044365091 | -0.999938685475 |
|            4.75 |  0.00451243390398 |  -1.00408348892 | -0.999571055021 |
|   4.77083333333 |  0.00451340848332 |  -1.00372739731 | -0.999213988831 |
|   4.79166666667 |  0.00460885214996 |  -1.00337133826 | -0.998762486106 |
|          4.8125 |  0.00476616116108 |  -1.00301831427 | -0.998252153111 |
|   4.83333333333 |  0.00490937150641 |  -1.00267119575 | -0.997761824246 |
|   4.85416666667 |  0.00503824099618 |  -1.00233269197 | -0.997294450976 |
|           4.875 |  0.00515256979696 |  -1.00200532411 | -0.996852754314 |
|   4.89583333333 |  0.00525220066001 |  -1.00169140057 | -0.996439199914 |
|   4.91666666667 |  0.00533701902371 |  -1.00139299486 | -0.996055975834 |
|          4.9375 |  0.00540695299037 |  -1.00111192621 | -0.995704973224 |
|   4.95833333333 |  0.00546197317828 |  -1.00084974331 | -0.995387770128 |
|   4.97916666667 |  0.00550209245016 |  -1.00060771102 | -0.995105618574 |
|             5.0 |  0.00552736551956 |   -1.0003868006 | -0.994859435085 |
|   5.02083333333 |  0.00553788843707 |  -1.00018768315 | -0.994649794714 |
|   5.04166666667 |  0.00553379795858 |   -1.0000107266 | -0.994476928645 |
|          5.0625 |  0.00551527079827 | -0.999855996194 | -0.994340725395 |
|   5.08333333333 |  0.00548252276907 | -0.999723258369 |   -0.9942407356 |
|   5.10416666667 |  0.00543580781399 |  -0.99961198812 | -0.994176180306 |
|           5.125 |  0.00537541693186 | -0.999521379628 | -0.994145962696 |
|   5.14583333333 |  0.00530167700119 | -0.999450360105 | -0.994148683104 |
|   5.16666666667 |   0.0052149495065 | -0.999397606656 | -0.994182657149 |
|          5.1875 |  0.00511562917134 | -0.999361565969 | -0.994245936797 |
|   5.20833333333 |  0.00500414250282 | -0.999340476608 | -0.994336334105 |
|   5.22916666667 |  0.00488094625254 | -0.999332393646 | -0.994451447394 |
|            5.25 |  0.00474652579891 | -0.999335215354 | -0.994588689555 |
|   5.27083333333 |  0.00460139345654 | -0.999346711648 | -0.994745318191 |
|   5.29166666667 |  0.00444608671787 | -0.999364553962 | -0.994918467244 |
|          5.3125 |  0.00428116643308 | -0.999386346211 | -0.995105179778 |
|   5.33333333333 |  0.00410721493402 | -0.999409656482 | -0.995302441548 |
|   5.35416666667 |  0.00392483410821 |  -0.99943204911 | -0.995507215002 |
|           5.375 |  0.00394731311397 | -0.999451116751 | -0.995503803637 |
|   5.39583333333 |  0.00399743237689 | -0.999464512112 | -0.995467079735 |
|   5.41666666667 |   0.0040396349335 | -0.999469978951 | -0.995430344017 |
|          5.4375 |  0.00407383720384 | -0.999465382021 | -0.995391544817 |
|   5.45833333333 |  0.00409997145209 | -0.999448735595 | -0.995348764143 |
|   5.47916666667 |  0.00411798592075 | -0.999418230262 | -0.995300244341 |
|             5.5 |   0.0041278449331 | -0.999372257674 | -0.995244412741 |
|   5.52083333333 |  0.00412952896387 | -0.999309432977 | -0.995179904013 |
|   5.54166666667 |  0.00412303467794 | -0.999228614651 | -0.995105579973 |
|          5.5625 |  0.00410837493688 | -0.999128921549 | -0.995020546612 |
|   5.58333333333 |  0.00408557877357 | -0.999009746916 | -0.994924168143 |
|   5.60416666667 |  0.00405469133461 | -0.998870769244 | -0.994816077909 |
|           5.625 |  0.00401577379096 | -0.998711959814 | -0.994696186023 |
|   5.64583333333 |  0.00396890321679 | -0.998533586856 | -0.994564683639 |
|   5.66666666667 |  0.00391417243683 | -0.998336216244 | -0.994422043807 |
|          5.6875 |  0.00385168984252 | -0.998120708734 | -0.994269018892 |
|   5.70833333333 |  0.00378157917739 | -0.997888213756 | -0.994106634579 |
|   5.72916666667 |  0.00370397929196 | -0.997640159811 | -0.993936180519 |
|            5.75 |  0.00361904386874 | -0.997378241594 | -0.993759197725 |
|   5.77083333333 |  0.00352694111792 | -0.997104403954 | -0.993577462836 |
|   5.79166666667 |  0.00342785344419 | -0.996820822875 | -0.993392969431 |
|          5.8125 |  0.00332197708552 | -0.996529883675 | -0.993207906589 |
|   5.83333333333 |  0.00320952172451 | -0.996234156652 | -0.993024634928 |
|   5.85416666667 |  0.00309071007313 |  -0.99593637046 | -0.992845660387 |
|           5.875 |  0.00296577743168 | -0.995639383469 | -0.992673606037 |
|   5.89583333333 |  0.00283497122272 | -0.995346153452 | -0.992511182229 |
|   5.91666666667 |  0.00269855050114 | -0.995059705912 | -0.992361155411 |
|          5.9375 |  0.00255678544104 | -0.994783101397 | -0.992226315956 |
|   5.95833333333 |  0.00240995680075 | -0.994519402158 | -0.992109445357 |
|   5.97916666667 |  0.00225835536673 | -0.994271638522 | -0.992013283156 |
|             6.0 |   0.0021022813777 | -0.994042775343 | -0.991940493966 |
|   6.02083333333 |  0.00194204393006 | -0.993835678897 | -0.991893634967 |
|   6.04166666667 |  0.00177796036572 |  -0.99365308459 | -0.991875124224 |
|          6.0625 |  0.00161035564361 | -0.993497565838 | -0.991887210195 |
|   6.08333333333 |  0.00143956169615 | -0.993371504454 | -0.991931942757 |
|   6.10416666667 |  0.00126591677185 | -0.993277062871 | -0.992011146099 |
|           6.125 |  0.00108976476541 | -0.993216158524 | -0.992126393759 |
|   6.14583333333 | 0.000911454536695 | -0.993190440654 | -0.992278986118 |
|   6.16666666667 | 0.000731339219815 | -0.993201269812 | -0.992469930592 |
|          6.1875 | 0.000549775523758 | -0.993249700281 | -0.992699924757 |
|   6.20833333333 | 0.000367123025953 | -0.993336465625 | -0.992969342599 |
|   6.22916666667 | 0.000183743460146 | -0.993461967527 | -0.993278224067 |
|            6.25 |               0.0 | -0.993626268039 | -0.993626268039 |
|   6.27083333333 |               0.0 | -0.993829085349 | -0.993829085349 |
|   6.29166666667 |               0.0 | -0.994069793113 | -0.994069793113 |
|          6.3125 |               0.0 |  -0.99434742337 |  -0.99434742337 |
|   6.33333333333 |               0.0 | -0.994660673016 | -0.994660673016 |
|   6.35416666667 |               0.0 | -0.995007913781 | -0.995007913781 |
|           6.375 |               0.0 | -0.995387205609 | -0.995387205609 |
|   6.39583333333 |               0.0 | -0.995796313298 | -0.995796313298 |
|   6.41666666667 |               0.0 | -0.996232726239 | -0.996232726239 |
|          6.4375 |               0.0 |  -0.99669368105 |  -0.99669368105 |
|   6.45833333333 |               0.0 | -0.997176186854 | -0.997176186854 |
|   6.47916666667 |               0.0 | -0.997677052958 | -0.997677052958 |
|             6.5 |               0.0 | -0.998192918621 | -0.998192918621 |
|   6.52083333333 |               0.0 | -0.998720284621 | -0.998720284621 |
|   6.54166666667 |               0.0 | -0.999255546263 | -0.999255546263 |
|          6.5625 | 0.000177244783296 | -0.999795027496 | -0.999617782712 |
|   6.58333333333 | 0.000424867189976 |  -1.00033501578 | -0.999910148588 |
|   6.60416666667 | 0.000671205730815 |  -1.00087179731 |  -1.00020059158 |
|           6.625 | 0.000915516018754 |  -1.00140169229 |  -1.00048617628 |
|   6.64583333333 |  0.00115705979572 |  -1.00192108977 |  -1.00076402997 |
|   6.66666666667 |  0.00139510716349 |  -1.00242648177 |  -1.00103137461 |
|          6.6875 |  0.00162893878933 |  -1.00291449637 |  -1.00128555758 |
|   6.70833333333 |  0.00185784807962 |  -1.00338192925 |  -1.00152408117 |
|   6.72916666667 |  0.00208114331512 |   -1.0038257735 |  -1.00174463019 |
|            6.75 |  0.00229814974113 |  -1.00424324736 |  -1.00194509762 |
|   6.77083333333 |  0.00250821160654 |  -1.00463181953 |  -1.00212360792 |
|   6.79166666667 |  0.00271069414533 |  -1.00498923184 |  -1.00227853769 |
|          6.8125 |  0.00290498549472 |  -1.00531351908 |  -1.00240853358 |
|   6.83333333333 |  0.00309049854414 |  -1.00560302567 |  -1.00251252712 |
|   6.85416666667 |   0.0032666727093 |  -1.00585641913 |  -1.00258974642 |
|           6.875 |   0.0034329756262 |  -1.00607270011 |  -1.00263972449 |
|   6.89583333333 |  0.00358890475986 |  -1.00625120898 |  -1.00266230422 |
|   6.91666666667 |  0.00373398892281 |  -1.00639162876 |  -1.00265763984 |
|          6.9375 |    0.003867789699 |  -1.00649398461 |  -1.00262619491 |
|   6.95833333333 |  0.00398990276855 |  -1.00655863965 |  -1.00256873688 |
|   6.97916666667 |  0.00409995912957 |  -1.00658628729 |  -1.00248632816 |
|             7.0 |  0.00419762621319 |  -1.00657794023 |  -1.00238031401 |
|   7.02083333333 |  0.00428260888852 |  -1.00653491603 |  -1.00225230715 |
|   7.04166666667 |  0.00435465035447 |  -1.00645881972 |  -1.00210416937 |
|          7.0625 |  0.00441353291577 |  -1.00635152334 |  -1.00193799042 |
|   7.08333333333 |  0.00445907864081 |  -1.00621514291 |  -1.00175606426 |
|   7.10416666667 |  0.00449114989927 |  -1.00605201289 |  -1.00156086299 |
|           7.125 |  0.00450964977806 |  -1.00586465855 |  -1.00135500878 |
|   7.14583333333 |  0.00451452237416 |  -1.00565576647 |   -1.0011412441 |
|   7.16666666667 |  0.00450575296354 |  -1.00542815352 |  -1.00092240055 |
|          7.1875 |  0.00448336804563 |  -1.00518473469 |  -1.00070136664 |
|   7.20833333333 |   0.0044474352633 |  -1.00492849015 |  -1.00048105489 |
|   7.22916666667 |  0.00439806319842 |  -1.00466243179 |  -1.00026436859 |
|            7.25 |  0.00433540104374 |  -1.00438956971 |  -1.00005416867 |
|   7.27083333333 |  0.00425963815207 |  -1.00411287904 | -0.999853240885 |
|   7.29166666667 |  0.00417100346413 |  -1.00383526733 | -0.999664263867 |
|          7.3125 |  0.00406976481664 |  -1.00355954306 | -0.999489778242 |
|   7.33333333333 |  0.00395622813308 |  -1.00328838539 | -0.999332157255 |
|   7.35416666667 |  0.00383073649918 |  -1.00302431569 | -0.999193579187 |
|           7.375 |  0.00369366912619 |    -1.002769671 | -0.999076001877 |
|   7.39583333333 |    0.003545440205 |  -1.00252657985 | -0.998981139641 |
|   7.41666666667 |  0.00338649765452 |  -1.00229694049 | -0.998910442834 |
|          7.4375 |  0.00321732176816 |  -1.00208240207 | -0.998865080305 |
|   7.45833333333 |  0.00303842376248 |  -1.00188434868 | -0.998845924921 |
|   7.47916666667 |  0.00285034423238 |  -1.00170388657 | -0.998853542337 |
|             7.5 |  0.00265365151754 |  -1.00154183466 | -0.998888183143 |
|   7.52083333333 |  0.00244893998502 |  -1.00139871846 | -0.998949778472 |
|   7.54166666667 |  0.00223682823316 |  -1.00127476737 | -0.999037939134 |
|          7.5625 |  0.00201795722235 |   -1.0011699155 | -0.999151958279 |
|   7.58333333333 |  0.00179298833811 |  -1.00108380592 | -0.999290817581 |
|   7.60416666667 |  0.00156260139256 |  -1.00101579827 | -0.999453196873 |
|           7.625 |  0.00132749257017 |   -1.0009649797 |  -0.99963748713 |
|   7.64583333333 |  0.00108837232395 |  -1.00093017901 | -0.999841806681 |
|   7.66666666667 | 0.000845963228696 |  -1.00090998369 |  -1.00006402046 |
|          7.6875 | 0.000600997797444 |   -1.0009027599 |   -1.0003017621 |
|   7.70833333333 | 0.000354216267984 |  -1.00090667492 |  -1.00055245865 |
|   7.72916666667 | 0.000182044184634 |  -1.00091972196 |  -1.00073767778 |
|            7.75 | 0.000259317485411 |  -1.00093974703 |  -1.00068042954 |
|   7.77083333333 | 0.000442441587434 |  -1.00096447748 |  -1.00052203589 |
|   7.79166666667 | 0.000624689456971 |  -1.00099155201 |  -1.00036686255 |
|          7.8125 | 0.000805700161624 |  -1.00101855169 |  -1.00021285153 |
|   7.83333333333 | 0.000985115219134 |  -1.00104303174 |  -1.00005791653 |
|   7.85416666667 |  0.00116257930734 |   -1.0010625536 |  -0.99989997429 |
|           7.875 |  0.00133774096787 |  -1.00107471701 | -0.999736976043 |
|   7.89583333333 |  0.00151025330219 |  -1.00107719177 | -0.999566938469 |
|   7.91666666667 |  0.00167977465862 |  -1.00106774865 | -0.999387973993 |
|          7.9375 |  0.00184596930896 |  -1.00104428929 | -0.999198319979 |
|   7.95833333333 |  0.00200850811338 |  -1.00100487462 | -0.998996366503 |
|   7.97916666667 |  0.00216706917224 |  -1.00094775155 | -0.998780682373 |
|             8.0 |  0.00232133846365 |  -1.00087137757 | -0.998550039111 |
|   8.02083333333 |  0.00247101046531 |  -1.00077444305 | -0.998303432589 |
|   8.04166666667 |  0.00261578875965 |  -1.00065589084 | -0.998040102084 |
|          8.0625 |  0.00275538662079 |  -1.00051493314 | -0.997759546519 |
|   8.08333333333 |  0.00288952758245 |  -1.00035106527 | -0.997461537684 |
|   8.10416666667 |  0.00301794598546 |  -1.00016407627 | -0.997146130288 |
|           8.125 |  0.00314038750386 | -0.999954056213 | -0.996813668709 |
|   8.14583333333 |  0.00325660964863 | -0.999721399993 | -0.996464790344 |
|   8.16666666667 |  0.00336638224785 | -0.999466807773 | -0.996100425525 |
|          8.1875 |  0.00346948790263 | -0.999191281861 | -0.995721793958 |
|   8.20833333333 |   0.0035657224176 | -0.998896120155 | -0.995330397737 |
|   8.22916666667 |  0.00365489520531 | -0.998582906179 | -0.994928010973 |
|            8.25 |  0.00373682966372 | -0.998253495817 | -0.994516666153 |
|   8.27083333333 |  0.00381136352589 | -0.997910000876 |  -0.99409863735 |
|   8.29166666667 |  0.00387834918141 | -0.997554769655 | -0.993676420474 |
|          8.3125 |  0.00393765396868 | -0.997190364716 | -0.993252710747 |
|   8.33333333333 |  0.00398916043766 | -0.996819538093 | -0.992830377655 |
|   8.35416666667 |  0.00403276658248 | -0.996445204216 | -0.992412437633 |
|           8.375 |  0.00406838604344 | -0.996070410815 | -0.992002024771 |
|   8.39583333333 |  0.00409594827805 | -0.995698308136 | -0.991602359858 |
|   8.41666666667 |  0.00411539870075 | -0.995332116794 | -0.991216718094 |
|          8.4375 |  0.00412669879099 | -0.994975094602 | -0.990848395811 |
|   8.45833333333 |  0.00412982616954 | -0.994630502743 | -0.990500676573 |
|   8.47916666667 |  0.00412477464277 | -0.994301571653 | -0.990176797011 |
|             8.5 |  0.00411155421498 | -0.993991466973 | -0.989879912758 |
|   8.52083333333 |  0.00409019106854 |  -0.99370325595 | -0.989613064881 |
|   8.54166666667 |  0.00406072751203 | -0.993439874646 | -0.989379147134 |
|          8.5625 |  0.00402322189651 | -0.993204096325 | -0.989180874428 |
|   8.58333333333 |  0.00397774849987 | -0.992998501339 | -0.989020752839 |
|   8.60416666667 |  0.00392439737982 |  -0.99282544887 |  -0.98890105149 |
|           8.625 |  0.00386327419547 | -0.992687050815 | -0.988823776619 |
|   8.64583333333 |  0.00379449999808 | -0.992585148114 | -0.988790648116 |
|   8.66666666667 |  0.00371821099138 |  -0.99252128978 | -0.988803078789 |
|          8.6875 |  0.00363455826176 | -0.992496714854 | -0.988862156592 |
|   8.70833333333 |  0.00354370747908 | -0.992512337498 | -0.988968630019 |
|   8.72916666667 |   0.0034458385686 | -0.992568735381 | -0.989122896813 |
|            8.75 |  0.00334114535456 | -0.992666141504 | -0.989324996149 |
|   8.77083333333 |  0.00322983517644 | -0.992804439532 | -0.989574604356 |
|   8.79166666667 |  0.00311212847822 | -0.992983162728 | -0.989871034249 |
|          8.8125 |  0.00298825837189 | -0.993201496462 |  -0.99021323809 |
|   8.83333333333 |  0.00285847017572 | -0.993458284315 |  -0.99059981414 |
|   8.85416666667 |  0.00272302092847 | -0.993752037692 | -0.991029016763 |
|           8.875 |  0.00258217888032 | -0.994080948847 | -0.991498769967 |
|   8.89583333333 |  0.00243622296158 |  -0.99444290721 | -0.992006684248 |
|   8.91666666667 |  0.00228544223034 | -0.994835518807 | -0.992550076576 |
|          8.9375 |  0.00223649966598 | -0.995256128608 | -0.993019628942 |
|   8.95833333333 |  0.00232482601576 |  -0.99570184554 | -0.993377019524 |
|   8.97916666667 |   0.0024081793032 | -0.996169569915 | -0.993761390612 |
|             9.0 |  0.00248613746372 | -0.996656022979 | -0.994169885516 |
|   9.02083333333 |  0.00255829100873 | -0.997157778268 | -0.994599487259 |
|   9.04166666667 |  0.00262424460741 |  -0.99767129444 | -0.995047049832 |
|          9.0625 |  0.00268361863251 | -0.998192949238 | -0.995509330605 |
|   9.08333333333 |  0.00273605066459 | -0.998719074218 | -0.995983023554 |
|   9.10416666667 |  0.00278119694962 |  -0.99924598988 |  -0.99646479293 |
|           9.125 |  0.00281873380476 | -0.999770040818 | -0.996951307013 |
|   9.14583333333 |   0.0028483589673 |  -1.00028763054 | -0.997439271571 |
|   9.16666666667 |  0.00286979288205 |  -1.00079525555 |  -0.99792546267 |
|          9.1875 |  0.00288277992242 |   -1.0012895384 | -0.998406758478 |
|   9.20833333333 |  0.00303842376248 |  -1.00176725926 | -0.998728835494 |
|   9.22916666667 |  0.00321732176816 |  -1.00222538577 | -0.999008064001 |
|            9.25 |  0.00338649765452 |  -1.00266110084 | -0.999274603185 |
|   9.27083333333 |    0.003545440205 |  -1.00307182804 | -0.999526387837 |
|   9.29166666667 |  0.00369366912619 |  -1.00345525441 | -0.999761585284 |
|          9.3125 |  0.00383073649918 |  -1.00380935037 | -0.999978613875 |
|   9.33333333333 |  0.00395622813308 |  -1.00413238662 |  -1.00017615849 |
|   9.35416666667 |  0.00406976481664 |  -1.00442294772 |  -1.00035318291 |
|           9.375 |  0.00417100346413 |   -1.0046799424 |  -1.00050893893 |
|   9.39583333333 |  0.00425963815207 |  -1.00490261027 |  -1.00064297212 |
|   9.41666666667 |  0.00433540104374 |  -1.00509052516 |  -1.00075512411 |
|          9.4375 |  0.00439806319842 |  -1.00524359471 |  -1.00084553151 |
|   9.45833333333 |   0.0044474352633 |  -1.00536205659 |  -1.00091462132 |
|   9.47916666667 |  0.00448336804563 |  -1.00544647112 |  -1.00096310307 |
|             9.5 |  0.00450575296354 |  -1.00549771056 |  -1.00099195759 |
|   9.52083333333 |  0.00451452237416 |  -1.00551694508 |   -1.0010024227 |
|   9.54166666667 |  0.00450964977806 |  -1.00550562568 |   -1.0009959759 |
|          9.5625 |  0.00449114989927 |  -1.00546546417 |  -1.00097431427 |
|   9.58333333333 |  0.00445907864081 |  -1.00539841049 |  -1.00093933185 |
|   9.60416666667 |  0.00441353291577 |  -1.00530662762 |   -1.0008930947 |
|           9.625 |  0.00435465035447 |  -1.00519246432 |  -1.00083781397 |
|   9.64583333333 |  0.00428260888852 |  -1.00505842612 |  -1.00077581723 |
|   9.66666666667 |  0.00419762621319 |   -1.0049071447 |  -1.00070951849 |
|          9.6875 |  0.00409995912957 |  -1.00474134626 |  -1.00064138713 |
|   9.70833333333 |  0.00398990276855 |  -1.00456381894 |  -1.00057391617 |
|   9.72916666667 |    0.003867789699 |   -1.0043773799 |   -1.0005095902 |
|            9.75 |  0.00373398892281 |  -1.00418484228 |  -1.00045085336 |
|   9.77083333333 |  0.00358890475986 |  -1.00398898252 |  -1.00040007776 |
|   9.79166666667 |   0.0034329756262 |  -1.00379250821 |  -1.00035953258 |
|          9.8125 |   0.0032666727093 |  -1.00359802711 |   -1.0003313544 |
|   9.83333333333 |  0.00309049854414 |  -1.00340801741 |  -1.00031751886 |
|   9.85416666667 |  0.00290498549472 |  -1.00322479974 |  -1.00031981424 |
|           9.875 |  0.00271069414533 |  -1.00305051114 |    -1.000339817 |
|   9.89583333333 |  0.00250821160654 |  -1.00288708134 |  -1.00037886974 |
|   9.91666666667 |  0.00229814974113 |  -1.00273621156 |  -1.00043806182 |
|          9.9375 |  0.00208114331512 |  -1.00259935607 |  -1.00051821275 |
|   9.95833333333 |  0.00185784807962 |  -1.00247770679 |  -1.00061985871 |
|   9.97916666667 |  0.00162893878933 |  -1.00237218098 |  -1.00074324219 |
|            10.0 |  0.00139510716349 |  -1.00228341217 |  -1.00088830501 |
|   10.0208333333 |  0.00115705979572 |   -1.0022117446 |  -1.00105468481 |
|   10.0416666667 | 0.000915516018754 |  -1.00215723093 |  -1.00124171491 |
|         10.0625 | 0.000671205730815 |  -1.00211963349 |  -1.00144842776 |
|   10.0833333333 | 0.000424867189976 |  -1.00209842897 |  -1.00167356178 |
|   10.1041666667 | 0.000177244783296 |  -1.00209281646 |  -1.00191557168 |
|          10.125 |               0.0 |  -1.00210172878 |  -1.00210172878 |
|   10.1458333333 |               0.0 |  -1.00212384693 |  -1.00212384693 |
|   10.1666666667 |               0.0 |  -1.00215761764 |  -1.00215761764 |
|         10.1875 |               0.0 |  -1.00220127354 |  -1.00220127354 |
|   10.2083333333 |               0.0 |  -1.00225285606 |  -1.00225285606 |
|   10.2291666667 |               0.0 |   -1.0023102405 |   -1.0023102405 |
|           10.25 |               0.0 |  -1.00237116317 |  -1.00237116317 |
|   10.2708333333 |               0.0 |  -1.00243325026 |  -1.00243325026 |
|   10.2916666667 |               0.0 |  -1.00249404807 |  -1.00249404807 |
|         10.3125 |               0.0 |  -1.00255105424 |  -1.00255105424 |
|   10.3333333333 |               0.0 |  -1.00260174976 |  -1.00260174976 |
|   10.3541666667 |               0.0 |   -1.0026436312 |   -1.0026436312 |
|          10.375 |               0.0 |  -1.00267424303 |  -1.00267424303 |
|   10.3958333333 |               0.0 |  -1.00269120938 |  -1.00269120938 |
|   10.4166666667 |               0.0 |  -1.00269226519 |  -1.00269226519 |
|         10.4375 |               0.0 |  -1.00267528611 |  -1.00267528611 |
|   10.4583333333 |               0.0 |  -1.00263831705 |  -1.00263831705 |
|   10.4791666667 |               0.0 |  -1.00257959888 |  -1.00257959888 |
|            10.5 |               0.0 |  -1.00249759303 |  -1.00249759303 |
|   10.5208333333 |               0.0 |  -1.00239100378 |  -1.00239100378 |
|   10.5416666667 |               0.0 |  -1.00225879789 |  -1.00225879789 |
|         10.5625 |               0.0 |  -1.00210022133 |  -1.00210022133 |
|   10.5833333333 |               0.0 |  -1.00191481299 |  -1.00191481299 |
|   10.6041666667 |               0.0 |  -1.00170241523 |  -1.00170241523 |
|          10.625 |               0.0 |  -1.00146318093 |  -1.00146318093 |
|   10.6458333333 |               0.0 |  -1.00119757729 |  -1.00119757729 |
|   10.6666666667 | 4.32472409075e-05 |  -1.00090638596 |  -1.00086313872 |
|         10.6875 |  0.00022693780183 |  -1.00059069979 |  -1.00036376199 |
|   10.7083333333 | 0.000410178924274 |  -1.00025191603 | -0.999841737104 |
|   10.7291666667 | 0.000592607708755 | -0.999891726099 |  -0.99929911839 |
|           10.75 | 0.000773862864579 | -0.999512102097 | -0.998738239232 |
|   10.7708333333 | 0.000953585425367 | -0.999115280046 |  -0.99816169462 |
|   10.7916666667 |  0.00113141945996 | -0.998703740161 | -0.997572320702 |
|         10.8125 |  0.00130701277733 | -0.998280184298 | -0.996973171521 |
|   10.8333333333 |  0.00148001762407 | -0.997847510816 | -0.996367493192 |
|   10.8541666667 |  0.00165009137311 | -0.997408787138 | -0.995758695765 |
|          10.875 |  0.00181689720225 | -0.996967220277 | -0.995150323075 |
|   10.8958333333 |  0.00198010476126 | -0.996526125661 |   -0.9945460209 |
|   10.9166666667 |  0.00213939082608 | -0.996088894572 | -0.993949503746 |
|         10.9375 |  0.00229443993896 | -0.995658960557 | -0.993364520618 |
|   10.9583333333 |  0.00244494503322 | -0.995239765166 | -0.992794820133 |
|   10.9791666667 |  0.00259060804137 | -0.994834723385 | -0.992244115344 |
|            11.0 |  0.00273114048544 | -0.994447189132 | -0.991716048647 |
|   11.0208333333 |  0.00286626404823 | -0.994080421195 | -0.991214157146 |
|   11.0416666667 |  0.00299571112459 | -0.993737549967 | -0.990741838843 |
|         11.0625 |  0.00311922535132 | -0.993421545349 | -0.990302319998 |
|   11.0833333333 |  0.00323656211495 | -0.993135186153 | -0.989898624038 |
|   11.1041666667 |  0.00334748903614 |  -0.99288103135 | -0.989533542314 |
|          11.125 |  0.00345178642991 | -0.992661393464 | -0.989209607034 |
|   11.1458333333 |   0.0035492477407 | -0.992478314403 | -0.988929066662 |
|   11.1666666667 |  0.00363967995147 | -0.992333543987 | -0.988693864036 |
|         11.1875 |  0.00372290396596 | -0.992228521415 | -0.988505617449 |
|   11.2083333333 |  0.00379875496334 | -0.992164359855 | -0.988365604891 |
|   11.2291666667 |  0.00386708272466 | -0.992141834342 | -0.988274751618 |
|           11.25 |  0.00392775193036 | -0.992161373113 | -0.988233621182 |
|   11.2708333333 |  0.00398064242824 | -0.992223052458 | -0.988242410029 |
|   11.2916666667 |  0.00402564947143 | -0.992326595172 | -0.988300945701 |
|         11.3125 |  0.00409814163071 | -0.992471372607 | -0.988373230976 |
|   11.3333333333 |  0.00437515039505 | -0.992656410301 | -0.988281259906 |
|   11.3541666667 |  0.00464319920044 | -0.992880397149 | -0.988237197949 |
|          11.375 |  0.00490149980454 | -0.993141697993 | -0.988240198189 |
|   11.3958333333 |  0.00514928494067 | -0.993438369511 |  -0.98828908457 |
|   11.4166666667 |  0.00538581060999 | -0.993768179233 | -0.988382368623 |
|         11.4375 |  0.00561035832033 | -0.994128627485 | -0.988518269165 |
|   11.4583333333 |  0.00582223726479 | -0.994516972019 | -0.988694734754 |
|   11.4791666667 |  0.00602078643348 |  -0.99493025507 | -0.988909468637 |
|            11.5 |  0.00620537665207 | -0.995365332559 | -0.989159955907 |
|   11.5208333333 |  0.00637541254089 | -0.995818905111 | -0.989443492571 |
|   11.5416666667 |  0.00653033438845 | -0.996287550577 | -0.989757216189 |
|         11.5625 |   0.0066696199337 | -0.996767757699 | -0.990098137765 |
|   11.5833333333 |  0.00679278605135 | -0.997255960564 | -0.990463174512 |
|   11.6041666667 |  0.00689939033505 | -0.997748573479 | -0.990849183144 |
|          11.625 |  0.00698903257331 | -0.998242025897 | -0.991252993323 |
|   11.6458333333 |  0.00706135611349 | -0.998732797016 | -0.991671440902 |
|   11.6666666667 |  0.00711604910942 |  -0.99921744969 | -0.992101400581 |
|         11.6875 |  0.00715284564847 | -0.999692663288 |  -0.99253981764 |
|   11.7083333333 |  0.00717152675444 |  -1.00015526516 | -0.992983738401 |
|   11.7291666667 |   0.0071719212627 |  -1.00060226034 | -0.993430339078 |
|           11.75 |   0.0071539065646 |  -1.00103085928 | -0.993876952718 |
|   11.7708333333 |  0.00711740921847 |  -1.00143850316 |  -0.99432109394 |
|   11.7916666667 |  0.00706240542472 |  -1.00182288663 | -0.994760481204 |
|         11.8125 |  0.00698892136341 |  -1.00218197776 | -0.995193056393 |
|   11.8333333333 |  0.00689703339239 |  -1.00251403487 | -0.995617001479 |
|   11.8541666667 |  0.00678686810513 |  -1.00281762023 | -0.996030752126 |
|          11.875 |  0.00665860224738 |  -1.00309161033 | -0.996433008085 |
|   11.8958333333 |  0.00651246249232 |  -1.00333520277 | -0.996822740274 |
|   11.9166666667 |   0.0063487250743 |  -1.00354791957 |   -0.9971991945 |
|         11.9375 |  0.00616771528163 |  -1.00372960706 | -0.997561891779 |
|   11.9583333333 |  0.00596980680927 |  -1.00388043209 | -0.997910625285 |
|   11.9791666667 |  0.00575542097279 |  -1.00400087494 | -0.998245453969 |
|            12.0 |  0.00552502578525 |  -1.00409171873 | -0.998566692945 |
|   12.0208333333 |  0.00527913489905 |  -1.00415403567 | -0.998874900768 |
|   12.0416666667 |  0.00501830641531 |  -1.00418917017 | -0.999170863759 |
|         12.0625 |  0.00474314156369 |  -1.00419871915 | -0.999455577585 |
|   12.0833333333 |  0.00445428325578 |  -1.00418450956 | -0.999730226303 |
|   12.1041666667 |  0.00415241451585 |  -1.00414857365 | -0.999996159139 |
|          12.125 |  0.00383825679284 |  -1.00409312206 |  -1.00025486526 |
|   12.1458333333 |  0.00363148380617 |  -1.00402051504 |  -1.00038903123 |
|   12.1666666667 |  0.00347860656252 |  -1.00393323234 |  -1.00045462578 |
|         12.1875 |  0.00331521764782 |  -1.00383384183 |  -1.00051862418 |
|   12.2083333333 |  0.00314181079153 |  -1.00372496737 |  -1.00058315657 |
|   12.2291666667 |  0.00295890999537 |  -1.00360925629 |  -1.00065034629 |
|           12.25 |  0.00276706794989 |  -1.00348934679 |  -1.00072227884 |
|   12.2708333333 |  0.00256686436438 |  -1.00336783561 |  -1.00080097124 |
|   12.2916666667 |  0.00235890421504 |  -1.00324724644 |  -1.00088834223 |
|         12.3125 |  0.00214381591692 |  -1.00312999933 |  -1.00098618341 |
|   12.3333333333 |  0.00192224942493 |  -1.00301838139 |  -1.00109613197 |
|   12.3541666667 |  0.00169487426982 |  -1.00291451935 |  -1.00121964508 |
|          12.375 |    0.001462377535 |  -1.00282035394 |   -1.0013579764 |
|   12.3958333333 |   0.0012254617803 |  -1.00273761667 |  -1.00151215489 |
|   12.4166666667 | 0.000984842918933 |  -1.00266780915 |  -1.00168296623 |
|         12.4375 | 0.000741248054214 |  -1.00261218514 |  -1.00187093708 |
|   12.4583333333 | 0.000495413282347 |  -1.00257173561 |  -1.00207632232 |
|   12.4791666667 | 0.000248081468096 |  -1.00254717693 |  -1.00229909546 |
|            12.5 |  2.9864259316e-17 |  -1.00253894237 |  -1.00253894237 |
|   12.5208333333 |               0.0 |  -1.00254717693 |  -1.00254717693 |
|   12.5416666667 |               0.0 |  -1.00257173561 |  -1.00257173561 |
|         12.5625 |               0.0 |  -1.00261218514 |  -1.00261218514 |
|   12.5833333333 |               0.0 |  -1.00266780915 |  -1.00266780915 |
|   12.6041666667 |               0.0 |  -1.00273761667 |  -1.00273761667 |
|          12.625 |               0.0 |  -1.00282035394 |  -1.00282035394 |
|   12.6458333333 |               0.0 |  -1.00291451935 |  -1.00291451935 |
|   12.6666666667 |               0.0 |  -1.00301838139 |  -1.00301838139 |
|         12.6875 |               0.0 |  -1.00312999933 |  -1.00312999933 |
|   12.7083333333 |               0.0 |  -1.00324724644 |  -1.00324724644 |
|   12.7291666667 |               0.0 |  -1.00336783561 |  -1.00336783561 |
|           12.75 |               0.0 |  -1.00348934679 |  -1.00348934679 |
|   12.7708333333 |               0.0 |  -1.00360925629 |  -1.00360925629 |
|   12.7916666667 |               0.0 |  -1.00372496737 |  -1.00372496737 |
|         12.8125 |               0.0 |  -1.00383384183 |  -1.00383384183 |
|   12.8333333333 |               0.0 |  -1.00393323234 |  -1.00393323234 |
|   12.8541666667 |               0.0 |  -1.00402051504 |  -1.00402051504 |
|          12.875 |               0.0 |  -1.00409312206 |  -1.00409312206 |
|   12.8958333333 |               0.0 |  -1.00414857365 |  -1.00414857365 |
|   12.9166666667 |               0.0 |  -1.00418450956 |  -1.00418450956 |
|         12.9375 |               0.0 |  -1.00419871915 |  -1.00419871915 |
|   12.9583333333 |               0.0 |  -1.00418917017 |  -1.00418917017 |
|   12.9791666667 |               0.0 |  -1.00415403567 |  -1.00415403567 |
|            13.0 |               0.0 |  -1.00409171873 |  -1.00409171873 |
|   13.0208333333 |               0.0 |  -1.00400087494 |  -1.00400087494 |
|   13.0416666667 |               0.0 |  -1.00388043209 |  -1.00388043209 |
|         13.0625 |               0.0 |  -1.00372960706 |  -1.00372960706 |
|   13.0833333333 |               0.0 |  -1.00354791957 |  -1.00354791957 |
|   13.1041666667 |               0.0 |  -1.00333520277 |  -1.00333520277 |
|          13.125 |               0.0 |  -1.00309161033 |  -1.00309161033 |
|   13.1458333333 |               0.0 |  -1.00281762023 |  -1.00281762023 |
|   13.1666666667 |               0.0 |  -1.00251403487 |  -1.00251403487 |
|         13.1875 |               0.0 |  -1.00218197776 |  -1.00218197776 |
|   13.2083333333 |               0.0 |  -1.00182288663 |  -1.00182288663 |
|   13.2291666667 |               0.0 |  -1.00143850316 |  -1.00143850316 |
|           13.25 |               0.0 |  -1.00103085928 |  -1.00103085928 |
|   13.2708333333 |               0.0 |  -1.00060226034 |  -1.00060226034 |
|   13.2916666667 |               0.0 |  -1.00015526516 |  -1.00015526516 |
|         13.3125 |               0.0 | -0.999692663288 | -0.999692663288 |
|   13.3333333333 |               0.0 |  -0.99921744969 |  -0.99921744969 |
|   13.3541666667 |               0.0 | -0.998732797016 | -0.998732797016 |
|          13.375 |               0.0 | -0.998242025897 | -0.998242025897 |
|   13.3958333333 |               0.0 | -0.997748573479 | -0.997748573479 |
|   13.4166666667 |               0.0 | -0.997255960564 | -0.997255960564 |
|         13.4375 |               0.0 | -0.996767757699 | -0.996767757699 |
|   13.4583333333 |               0.0 | -0.996287550577 | -0.996287550577 |
|   13.4791666667 |               0.0 | -0.995818905111 | -0.995818905111 |
|            13.5 |               0.0 | -0.995365332559 | -0.995365332559 |
|   13.5208333333 |               0.0 |  -0.99493025507 |  -0.99493025507 |
|   13.5416666667 |               0.0 | -0.994516972019 | -0.994516972019 |
|         13.5625 |               0.0 | -0.994128627485 | -0.994128627485 |
|   13.5833333333 |               0.0 | -0.993768179233 | -0.993768179233 |
|   13.6041666667 | 1.08119954866e-05 | -0.993438369511 | -0.993427557515 |
|          13.625 | 0.000194544119657 | -0.993141697993 | -0.992947153874 |
|   13.6458333333 | 0.000377890959347 | -0.992880397149 |  -0.99250250619 |
|   13.6666666667 | 0.000560489405703 | -0.992656410301 | -0.992095920895 |
|         13.6875 | 0.000741977832027 | -0.992471372607 | -0.991729394775 |
|   13.7083333333 |  0.00113466649489 | -0.992326595172 | -0.991191928678 |
|   13.7291666667 |  0.00156034424971 | -0.992223052458 | -0.990662708208 |
|           13.75 |  0.00198245263898 | -0.992161373113 | -0.990178920474 |
|   13.7708333333 |  0.00239989942702 | -0.992141834342 | -0.989741934915 |
|   13.7916666667 |  0.00281160383262 | -0.992164359855 | -0.989352756022 |
|         13.8125 |  0.00321649943715 | -0.992228521415 | -0.989012021978 |
|   13.8333333333 |  0.00361353705522 | -0.992333543987 | -0.988720006932 |
|   13.8541666667 |  0.00400168755984 | -0.992478314403 | -0.988476626843 |
|          13.875 |  0.00437994465427 | -0.992661393464 |  -0.98828144881 |
|   13.8958333333 |  0.00474732758295 |  -0.99288103135 | -0.988133703767 |
|   13.9166666667 |  0.00510288377372 | -0.993135186153 | -0.988032302379 |
|         13.9375 |  0.00544569140424 | -0.993421545349 | -0.987975853945 |
|   13.9583333333 |  0.00577486188535 | -0.993737549967 | -0.987962688082 |
|   13.9791666667 |  0.00608954225449 | -0.994080421195 |  -0.98799087894 |
|            14.0 |  0.00638891747245 | -0.994447189132 |  -0.98805827166 |
|   14.0208333333 |  0.00667221261727 | -0.994834723385 | -0.988162510768 |
|   14.0416666667 |  0.00693869496888 | -0.995239765166 | -0.988301070198 |
|         14.0625 |  0.00718767597906 | -0.995658960557 | -0.988471284578 |
|   14.0833333333 |   0.0074185131209 | -0.996088894572 | -0.988670381451 |
|   14.1041666667 |  0.00763061161285 | -0.996526125661 | -0.988895514048 |
|          14.125 |  0.00782342601255 | -0.996967220277 | -0.989143794264 |
|   14.1458333333 |  0.00799646167594 | -0.997408787138 | -0.989412325462 |
|   14.1666666667 |   0.0081492760777 | -0.997847510816 | -0.989698234739 |
|         14.1875 |  0.00828147998932 | -0.998280184298 | -0.989998704309 |
|   14.2083333333 |   0.0083927385116 | -0.998703740161 |  -0.99031100165 |
|   14.2291666667 |  0.00848277195876 | -0.999115280046 | -0.990632508087 |
|           14.25 |  0.00855135659163 | -0.999512102097 | -0.990960745505 |
|   14.2708333333 |  0.00859832519804 | -0.999891726099 | -0.991293400901 |
|   14.2916666667 |  0.00862356751883 |  -1.00025191603 | -0.991628348509 |
|         14.3125 |  0.00862703051832 |  -1.00059069979 | -0.991963669276 |
|   14.3333333333 |   0.0086087184985 |  -1.00090638596 | -0.992297667465 |
|   14.3541666667 |  0.00856869305685 |  -1.00119757729 | -0.992628884234 |
|          14.375 |  0.00850707288772 |  -1.00146318093 | -0.992956108045 |
|   14.3958333333 |  0.00842403342822 |  -1.00170241523 | -0.993278381798 |
|   14.4166666667 |  0.00831980634932 |  -1.00191481299 | -0.993595006644 |
|         14.4375 |  0.00819467889398 |  -1.00210022133 | -0.993905542434 |
|   14.4583333333 |  0.00804899306402 |  -1.00225879789 | -0.994209804831 |
|   14.4791666667 |  0.00788314465816 |  -1.00239100378 | -0.994507859127 |
|            14.5 |  0.00769758216402 |  -1.00249759303 | -0.994800010862 |
|   14.5208333333 |  0.00749280550718 |  -1.00257959888 | -0.995086793369 |
|   14.5416666667 |  0.00726936466091 |  -1.00263831705 | -0.995368952391 |
|         14.5625 |  0.00702785812059 |  -1.00267528611 | -0.995647427988 |
|   14.5833333333 |  0.00676893124707 |  -1.00269226519 |  -0.99592333394 |
|   14.6041666667 |  0.00649327448369 |  -1.00269120938 | -0.996197934898 |
|          14.625 |  0.00620162145208 |  -1.00267424303 | -0.996472621577 |
|   14.6458333333 |  0.00589474693207 |   -1.0026436312 | -0.996748884272 |
|   14.6666666667 |  0.00557346473145 |  -1.00260174976 | -0.997028285026 |
|         14.6875 |   0.0052386254516 |  -1.00255105424 | -0.997312428791 |
|   14.7083333333 |  0.00489111415529 |  -1.00249404807 | -0.997602933915 |
|   14.7291666667 |  0.00453184794323 |  -1.00243325026 |  -0.99790140232 |
|           14.75 |  0.00416177344617 |  -1.00237116317 |  -0.99820938972 |
|   14.7708333333 |  0.00378186423967 |   -1.0023102405 | -0.998528376256 |
|   14.7916666667 |  0.00339311818876 |  -1.00225285606 | -0.998859737873 |
|         14.8125 |  0.00299655472991 |  -1.00220127354 | -0.999204718812 |
|   14.8333333333 |  0.00259321209806 |  -1.00215761764 | -0.999564405539 |
|   14.8541666667 |   0.0021841445063 |  -1.00212384693 | -0.999939702425 |
|          14.875 |  0.00177041928629 |  -1.00210172878 |  -1.00033130949 |
|   14.8958333333 |  0.00153035878052 |  -1.00209281646 |  -1.00056245768 |
|   14.9166666667 |  0.00135818070159 |  -1.00209842897 |  -1.00074024827 |
|         14.9375 |  0.00118331281663 |  -1.00211963349 |  -1.00093632067 |
|   14.9583333333 |  0.00100610144236 |  -1.00215723093 |  -1.00115112949 |
|   14.9791666667 | 0.000826897536656 |   -1.0022117446 |  -1.00138484707 |
|            15.0 | 0.000646056003517 |  -1.00228341217 |  -1.00163735617 |
|   15.0208333333 | 0.000463934990162 |  -1.00237218098 |  -1.00190824598 |
|   15.0416666667 |  0.00028089517776 |  -1.00247770679 |  -1.00219681161 |
|         15.0625 | 9.72990671095e-05 |  -1.00259935607 |    -1.002502057 |
|   15.0833333333 |               0.0 |  -1.00273621156 |  -1.00273621156 |
|   15.1041666667 |               0.0 |  -1.00288708134 |  -1.00288708134 |
|          15.125 |               0.0 |  -1.00305051114 |  -1.00305051114 |
|   15.1458333333 |               0.0 |  -1.00322479974 |  -1.00322479974 |
|   15.1666666667 |               0.0 |  -1.00340801741 |  -1.00340801741 |
|         15.1875 |               0.0 |  -1.00359802711 |  -1.00359802711 |
|   15.2083333333 |               0.0 |  -1.00379250821 |  -1.00379250821 |
|   15.2291666667 |               0.0 |  -1.00398898252 |  -1.00398898252 |
|           15.25 |               0.0 |  -1.00418484228 |  -1.00418484228 |
|   15.2708333333 |               0.0 |   -1.0043773799 |   -1.0043773799 |
|   15.2916666667 |               0.0 |  -1.00456381894 |  -1.00456381894 |
|         15.3125 |               0.0 |  -1.00474134626 |  -1.00474134626 |
|   15.3333333333 |               0.0 |   -1.0049071447 |   -1.0049071447 |
|   15.3541666667 |               0.0 |  -1.00505842612 |  -1.00505842612 |
|          15.375 |               0.0 |  -1.00519246432 |  -1.00519246432 |
|   15.3958333333 |               0.0 |  -1.00530662762 |  -1.00530662762 |
|   15.4166666667 |               0.0 |  -1.00539841049 |  -1.00539841049 |
|         15.4375 |               0.0 |  -1.00546546417 |  -1.00546546417 |
|   15.4583333333 |               0.0 |  -1.00550562568 |  -1.00550562568 |
|   15.4791666667 |               0.0 |  -1.00551694508 |  -1.00551694508 |
|            15.5 |               0.0 |  -1.00549771056 |  -1.00549771056 |
|   15.5208333333 |               0.0 |  -1.00544647112 |  -1.00544647112 |
|   15.5416666667 |               0.0 |  -1.00536205659 |  -1.00536205659 |
|         15.5625 |               0.0 |  -1.00524359471 |  -1.00524359471 |
|   15.5833333333 |               0.0 |  -1.00509052516 |  -1.00509052516 |
|   15.6041666667 |               0.0 |  -1.00490261027 |  -1.00490261027 |
|          15.625 |               0.0 |   -1.0046799424 |   -1.0046799424 |
|   15.6458333333 |               0.0 |  -1.00442294772 |  -1.00442294772 |
|   15.6666666667 |               0.0 |  -1.00413238662 |  -1.00413238662 |
|         15.6875 |               0.0 |  -1.00380935037 |  -1.00380935037 |
|   15.7083333333 |               0.0 |  -1.00345525441 |  -1.00345525441 |
|   15.7291666667 |               0.0 |  -1.00307182804 |  -1.00307182804 |
|           15.75 |               0.0 |  -1.00266110084 |  -1.00266110084 |
|   15.7708333333 |               0.0 |  -1.00222538577 |  -1.00222538577 |
|   15.7916666667 |               0.0 |  -1.00176725926 |  -1.00176725926 |
|         15.8125 |               0.0 |   -1.0012895384 |   -1.0012895384 |
|   15.8333333333 |               0.0 |  -1.00079525555 |  -1.00079525555 |
|   15.8541666667 |               0.0 |  -1.00028763054 |  -1.00028763054 |
|          15.875 |               0.0 | -0.999770040818 | -0.999770040818 |
|   15.8958333333 |               0.0 |  -0.99924598988 |  -0.99924598988 |
|   15.9166666667 |               0.0 | -0.998719074218 | -0.998719074218 |
|         15.9375 |               0.0 | -0.998192949238 | -0.998192949238 |
|   15.9583333333 |               0.0 |  -0.99767129444 |  -0.99767129444 |
|   15.9791666667 |               0.0 | -0.997157778268 | -0.997157778268 |
|            16.0 |               0.0 | -0.996656022979 | -0.996656022979 |
|   16.0208333333 |               0.0 | -0.996169569915 | -0.996169569915 |
|   16.0416666667 |               0.0 |  -0.99570184554 |  -0.99570184554 |
|         16.0625 |               0.0 | -0.995256128608 | -0.995256128608 |
|   16.0833333333 |  0.00014180894837 | -0.994835518807 | -0.994693709858 |
|   16.1041666667 | 0.000389553743735 |  -0.99444290721 | -0.994053353466 |
|          16.125 | 0.000636121383611 | -0.994080948847 | -0.993444827464 |
|   16.1458333333 | 0.000880766788647 | -0.993752037692 | -0.992871270903 |
|   16.1666666667 |  0.00112275068811 | -0.993458284315 | -0.992335533627 |
|         16.1875 |  0.00136134185382 | -0.993201496462 | -0.991840154608 |
|   16.2083333333 |  0.00159581930977 | -0.992983162728 | -0.991387343418 |
|   16.2291666667 |   0.0018254745108 | -0.992804439532 | -0.990978965022 |
|           16.25 |  0.00204961348364 | -0.992666141504 |  -0.99061652802 |
|   16.2708333333 |  0.00226755892401 | -0.992568735381 | -0.990301176457 |
|   16.2916666667 |  0.00247865224325 | -0.992512337498 | -0.990033685254 |
|         16.3125 |  0.00268225555851 | -0.992496714854 | -0.989814459295 |
|   16.3333333333 |  0.00287775362025 |  -0.99252128978 |  -0.98964353616 |
|   16.3541666667 |  0.00306455567142 | -0.992585148114 | -0.989520592443 |
|          16.375 |  0.00324209723264 | -0.992687050815 | -0.989444953582 |
|   16.3958333333 |  0.00340984180791 |  -0.99282544887 | -0.989415607062 |
|   16.4166666667 |  0.00356728250582 | -0.992998501339 | -0.989431218833 |
|         16.4375 |  0.00371394357127 | -0.993204096325 | -0.989490152754 |
|   16.4583333333 |  0.00384938182309 | -0.993439874646 | -0.989590492823 |
|   16.4791666667 |  0.00397318799329 |  -0.99370325595 | -0.989730067956 |
|            16.5 |  0.00408498796376 | -0.993991466973 |  -0.98990647901 |
|   16.5208333333 |  0.00418444389676 | -0.994301571653 | -0.990117127757 |
|   16.5416666667 |  0.00427125525587 | -0.994630502743 | -0.990359247487 |
|         16.5625 |  0.00450729815115 | -0.994975094602 |  -0.99046779645 |
|   16.5833333333 |   0.0047515136308 | -0.995332116794 | -0.990580603164 |
|   16.6041666667 |  0.00498173083425 | -0.995698308136 | -0.990716577302 |
|          16.625 |  0.00519744440514 | -0.996070410815 |  -0.99087296641 |
|   16.6458333333 |  0.00539819172466 | -0.996445204216 | -0.991047012491 |
|   16.6666666667 |  0.00558355393471 | -0.996819538093 | -0.991235984158 |
|         16.6875 |  0.00575315683179 | -0.997190364716 | -0.991437207884 |
|   16.7083333333 |  0.00590667162953 | -0.997554769655 | -0.991648098026 |
|   16.7291666667 |  0.00604381558837 | -0.997910000876 | -0.991866185288 |
|           16.75 |  0.00616435251119 | -0.998253495817 | -0.992089143305 |
|   16.7708333333 |  0.00626809310411 | -0.998582906179 | -0.992314813075 |
|   16.7916666667 |  0.00635489520197 | -0.998896120155 | -0.992541224953 |
|         16.8125 |   0.0064246638587 | -0.999191281861 | -0.992766618002 |
|   16.8333333333 |  0.00647735130274 | -0.999466807773 |  -0.99298945647 |
|   16.8541666667 |  0.00651295675852 | -0.999721399993 | -0.993208443234 |
|          16.875 |  0.00653152613501 | -0.999954056213 | -0.993422530078 |
|   16.8958333333 |  0.00653315158297 |  -1.00016407627 | -0.993630924691 |
|   16.9166666667 |   0.0065179709229 |  -1.00035106527 | -0.993833094344 |
|         16.9375 |  0.00648616694586 |  -1.00051493314 | -0.994028766194 |
|   16.9583333333 |     0.00643796659 |  -1.00065589084 | -0.994217924254 |
|   16.9791666667 |  0.00637363999563 |  -1.00077444305 | -0.994400803058 |
|            17.0 |   0.0062934994424 |  -1.00087137757 | -0.994577878132 |
|   17.0208333333 |  0.00619789817219 |  -1.00094775155 | -0.994749853373 |
|   17.0416666667 |  0.00608722910164 |  -1.00100487462 | -0.994917645515 |
|         17.0625 |  0.00596192342886 |  -1.00104428929 |  -0.99508236586 |
|   17.0833333333 |  0.00582244913877 |  -1.00106774865 | -0.995245299513 |
|   17.1041666667 |  0.00566930941199 |  -1.00107719177 | -0.995407882359 |
|          17.125 |   0.0055030409425 |  -1.00107471701 | -0.995571676068 |
|   17.1458333333 |  0.00532421216945 |   -1.0010625536 | -0.995738341427 |
|   17.1666666667 |   0.0051334214287 |  -1.00104303174 | -0.995909610316 |
|         17.1875 |  0.00493129502999 |  -1.00101855169 | -0.996087256665 |
|   17.2083333333 |  0.00471848526582 |  -1.00099155201 | -0.996273066742 |
|   17.2291666667 |  0.00449566835807 |  -1.00096447748 | -0.996468809119 |
|           17.25 |  0.00426354234903 |  -1.00093974703 | -0.996676204679 |
|   17.2708333333 |  0.00412918930898 |  -1.00091972196 | -0.996790532653 |
|   17.2916666667 |  0.00412846757327 |  -1.00090667492 | -0.996778207347 |
|         17.3125 |  0.00411956962287 |   -1.0009027599 | -0.996783190279 |
|   17.3333333333 |  0.00410251307972 |  -1.00090998369 |  -0.99680747061 |
|   17.3541666667 |  0.00407733172341 |  -1.00093017901 | -0.996852847282 |
|          17.375 |   0.0040440754243 |   -1.0009649797 | -0.996920904276 |
|   17.3958333333 |  0.00400281004476 |  -1.00101579827 |  -0.99701298822 |
|   17.4166666667 |  0.00395361730872 |  -1.00108380592 | -0.997130188611 |
|         17.4375 |  0.00389659463984 |   -1.0011699155 | -0.997273320861 |
|   17.4583333333 |  0.00383185496852 |  -1.00127476737 | -0.997442912399 |
|   17.4791666667 |  0.00375952650831 |  -1.00139871846 | -0.997639191949 |
|            17.5 |  0.00367975250196 |  -1.00154183466 | -0.997862082158 |
|   17.5208333333 |  0.00359269093772 |  -1.00170388657 | -0.998111195632 |
|   17.5416666667 |  0.00349851423648 |  -1.00188434868 | -0.998385834447 |
|         17.5625 |  0.00339740891029 |  -1.00208240207 | -0.998684993163 |
|   17.5833333333 |  0.00328957519296 |  -1.00229694049 | -0.999007365296 |
|   17.6041666667 |  0.00317522664355 |  -1.00252657985 | -0.999351353202 |
|          17.625 |  0.00305458972341 |    -1.002769671 |  -0.99971508128 |
|   17.6458333333 |  0.00292790334765 |  -1.00302431569 |  -1.00009641234 |
|   17.6666666667 |  0.00279541841203 |  -1.00328838539 |  -1.00049296698 |
|         17.6875 |  0.00265739729606 |  -1.00355954306 |  -1.00090214576 |
|   17.7083333333 |  0.00251411334337 |  -1.00383526733 |  -1.00132115399 |
|   17.7291666667 |  0.00236585032034 |  -1.00411287904 |  -1.00174702872 |
|           17.75 |  0.00221290185415 |  -1.00438956971 |  -1.00217666786 |
|   17.7708333333 |  0.00205557085128 |  -1.00466243179 |  -1.00260686094 |
|   17.7916666667 |  0.00189416889755 |  -1.00492849015 |  -1.00303432125 |
|         17.8125 |  0.00172901564113 |  -1.00518473469 |  -1.00345571905 |
|   17.8333333333 |  0.00156043815942 |  -1.00542815352 |  -1.00386771536 |
|   17.8541666667 |  0.00138877031133 |  -1.00565576647 |  -1.00426699616 |
|          17.875 |  0.00121435207608 |  -1.00586465855 |  -1.00465030648 |
|   17.8958333333 |  0.00103752887989 |  -1.00605201289 |  -1.00501448401 |
|   17.9166666667 | 0.000858650911866 |  -1.00621514291 |  -1.00535649199 |
|         17.9375 | 0.000678072430503 |  -1.00635152334 |  -1.00567345091 |
|   17.9583333333 | 0.000496151062061 |  -1.00645881972 |  -1.00596266866 |
|   17.9791666667 |  0.00031324709232 |  -1.00653491603 |  -1.00622166894 |
|            18.0 | 0.000129722753053 |  -1.00657794023 |  -1.00644821747 |
|   18.0208333333 |               0.0 |  -1.00658628729 |  -1.00658628729 |
|   18.0416666667 |               0.0 |  -1.00655863965 |  -1.00655863965 |
|         18.0625 |               0.0 |  -1.00649398461 |  -1.00649398461 |
|   18.0833333333 |               0.0 |  -1.00639162876 |  -1.00639162876 |
|   18.1041666667 |               0.0 |  -1.00625120898 |  -1.00625120898 |
|          18.125 |               0.0 |  -1.00607270011 |  -1.00607270011 |
|   18.1458333333 |               0.0 |  -1.00585641913 |  -1.00585641913 |
|   18.1666666667 |               0.0 |  -1.00560302567 |  -1.00560302567 |
|         18.1875 |               0.0 |  -1.00531351908 |  -1.00531351908 |
|   18.2083333333 |               0.0 |  -1.00498923184 |  -1.00498923184 |
|   18.2291666667 |               0.0 |  -1.00463181953 |  -1.00463181953 |
|           18.25 |               0.0 |  -1.00424324736 |  -1.00424324736 |
|   18.2708333333 |               0.0 |   -1.0038257735 |   -1.0038257735 |
|   18.2916666667 |               0.0 |  -1.00338192925 |  -1.00338192925 |
|         18.3125 |               0.0 |  -1.00291449637 |  -1.00291449637 |
|   18.3333333333 |               0.0 |  -1.00242648177 |  -1.00242648177 |
|   18.3541666667 |               0.0 |  -1.00192108977 |  -1.00192108977 |
|          18.375 |               0.0 |  -1.00140169229 |  -1.00140169229 |
|   18.3958333333 |               0.0 |  -1.00087179731 |  -1.00087179731 |
|   18.4166666667 |               0.0 |  -1.00033501578 |  -1.00033501578 |
|         18.4375 |               0.0 | -0.999795027496 | -0.999795027496 |
|   18.4583333333 | 7.09132225731e-05 | -0.999255546263 |  -0.99918463304 |
|   18.4791666667 | 0.000318856942505 | -0.998720284621 | -0.998401427679 |
|            18.5 | 0.000565837138902 | -0.998192918621 | -0.997627081482 |
|   18.5208333333 | 0.000811107485748 | -0.997677052958 | -0.996865945472 |
|   18.5416666667 |  0.00105392682386 | -0.997176186854 | -0.996122260031 |
|         18.5625 |  0.00129356140052 |  -0.99669368105 |  -0.99540011965 |
|   18.5833333333 |  0.00152928708674 | -0.996232726239 | -0.994703439153 |
|   18.6041666667 |  0.00176039156545 | -0.995796313298 | -0.994035921732 |
|          18.625 |  0.00198617648395 | -0.995387205609 | -0.993401029125 |
|   18.6458333333 |  0.00220595956422 | -0.995007913781 | -0.992801954217 |
|   18.6666666667 |  0.00241907666463 | -0.994660673016 | -0.992241596351 |
|         18.6875 |  0.00262488378684 |  -0.99434742337 | -0.991722539583 |
|   18.7083333333 |  0.00282275902185 | -0.994069793113 | -0.991247034092 |
|   18.7291666667 |  0.00301210442924 | -0.993829085349 |  -0.99081698092 |
|           18.75 |  0.00319234784412 | -0.993626268039 | -0.990433920195 |
|   18.7708333333 |    0.003362944606 | -0.993461967527 | -0.990099022921 |
|   18.7916666667 |  0.00352337920472 | -0.993336465625 |  -0.98981308642 |
|         18.8125 |   0.0036731668382 | -0.993249700281 | -0.989576533442 |
|   18.8333333333 |  0.00381185487739 | -0.993201269812 | -0.989389414935 |
|   18.8541666667 |  0.00393902423408 | -0.993190440654 |  -0.98925141642 |
|          18.875 |  0.00405429062726 | -0.993216158524 | -0.989161867897 |
|   18.8958333333 |  0.00415730574435 | -0.993277062871 | -0.989119757126 |
|   18.9166666667 |  0.00424775829374 | -0.993371504454 |  -0.98912374616 |
|         18.9375 |  0.00432537494545 | -0.993497565838 | -0.989172190893 |
|   18.9583333333 |  0.00438992115711 |  -0.99365308459 | -0.989263163433 |
|   18.9791666667 |  0.00444120188262 | -0.993835678897 | -0.989394477014 |
|            19.0 |  0.00447906216165 | -0.994042775343 | -0.989563713182 |
|   19.0208333333 |  0.00450338758779 | -0.994271638522 | -0.989768250935 |
|   19.0416666667 |  0.00451410465436 | -0.994519402158 | -0.990005297504 |
|         19.0625 |  0.00451118097647 | -0.994783101397 | -0.990271920421 |
|   19.0833333333 |   0.0044946253889 | -0.995059705912 | -0.990565080524 |
|   19.1041666667 |  0.00446448791941 | -0.995346153452 | -0.990881665533 |
|          19.125 |  0.00442085963757 | -0.995639383469 | -0.991218523831 |
|   19.1458333333 |  0.00436387237953 |  -0.99593637046 | -0.991572498081 |
|   19.1666666667 |  0.00429369834968 | -0.996234156652 | -0.991940458303 |
|         19.1875 |  0.00421054960026 | -0.996529883675 | -0.992319334074 |
|   19.2083333333 |   0.0041146773906 | -0.996820822875 | -0.992706145485 |
|   19.2291666667 |  0.00400637142781 | -0.997104403954 | -0.993098032526 |
|           19.25 |  0.00388595899142 | -0.997378241594 | -0.993492282602 |
|   19.2708333333 |  0.00375380394433 | -0.997640159811 | -0.993886355867 |
|   19.2916666667 |  0.00361030563334 | -0.997888213756 | -0.994277908123 |
|         19.3125 |  0.00345589768239 | -0.998120708734 | -0.994664811052 |
|   19.3333333333 |  0.00329104668219 | -0.998336216244 | -0.995045169561 |
|   19.3541666667 |  0.00311625078035 | -0.998533586856 | -0.995417336075 |
|          19.375 |  0.00293203817601 | -0.998711959814 | -0.995779921638 |
|   19.3958333333 |  0.00273896552376 | -0.998870769244 |  -0.99613180372 |
|   19.4166666667 |  0.00253761625152 | -0.999009746916 | -0.996472130665 |
|         19.4375 |  0.00232859879756 | -0.999128921549 | -0.996800322752 |
|   19.4583333333 |  0.00211254477187 | -0.999228614651 | -0.997116069879 |
|   19.4791666667 |  0.00189010704763 | -0.999309432977 | -0.997419325929 |
|            19.5 |  0.00179168054132 | -0.999372257674 | -0.997580577133 |
|   19.5208333333 |  0.00174203350871 | -0.999418230262 | -0.997676196754 |
|   19.5416666667 |  0.00168744859249 | -0.999448735595 | -0.997761287003 |
|         19.5625 |  0.00162828120602 | -0.999465382021 | -0.997837100815 |
|   19.5833333333 |  0.00156489958675 | -0.999469978951 | -0.997905079364 |
|   19.6041666667 |   0.0014976833083 | -0.999464512112 | -0.997966828803 |
|          19.625 |  0.00142702176101 | -0.999451116751 |  -0.99802409499 |
|   19.6458333333 |  0.00138877031133 |  -0.99943204911 | -0.998043278798 |
|   19.6666666667 |  0.00156043815942 | -0.999409656482 | -0.997849218323 |
|         19.6875 |  0.00172901564113 | -0.999386346211 | -0.997657330569 |
|   19.7083333333 |  0.00189416889755 | -0.999364553962 | -0.997470385065 |
|   19.7291666667 |  0.00205557085128 | -0.999346711648 | -0.997291140797 |
|           19.75 |  0.00221290185415 | -0.999335215354 |   -0.9971223135 |
|   19.7708333333 |  0.00236585032034 | -0.999332393646 | -0.996966543326 |
|   19.7916666667 |  0.00251411334337 | -0.999340476608 | -0.996826363265 |
|         19.8125 |  0.00265739729606 | -0.999361565969 | -0.996704168673 |
|   19.8333333333 |  0.00279541841203 | -0.999397606656 | -0.996602188244 |
|   19.8541666667 |  0.00292790334765 | -0.999450360105 | -0.996522456758 |
|          19.875 |  0.00305458972341 | -0.999521379628 | -0.996466789905 |
|   19.8958333333 |  0.00317522664355 |  -0.99961198812 | -0.996436761477 |
|   19.9166666667 |  0.00328957519296 | -0.999723258369 | -0.996433683176 |
|         19.9375 |  0.00339740891029 | -0.999855996194 | -0.996458587283 |
|   19.9583333333 |  0.00349851423648 |   -1.0000107266 | -0.996512212367 |
|   19.9791666667 |  0.00359269093772 |  -1.00018768315 | -0.996594992214 |
