|            Time |             Spots |              Bands |               flux |
|             0.0 |  0.00743492973688 |   0.00268198137632 |    0.0101169111132 |
| 0.0208333333333 |  0.00729529055712 |   0.00292688070323 |    0.0102221712604 |
| 0.0416666666667 |  0.00713650916262 |   0.00314191448834 |     0.010278423651 |
|          0.0625 |  0.00695892130013 |   0.00332692330503 |    0.0102858446052 |
| 0.0833333333333 |  0.00676291408251 |   0.00348206580576 |    0.0102449798883 |
|  0.104166666667 |  0.00654892511501 |   0.00360781157708 |    0.0101567366921 |
|           0.125 |   0.0063174414793 |    0.0037049306283 |    0.0100223721076 |
|  0.145833333333 |   0.0060689985776 |   0.00377447964224 |   0.00984347821984 |
|  0.166666666667 |  0.00580417883975 |    0.0038177851518 |   0.00962196399155 |
|          0.1875 |   0.0055236102966 |   0.00383642383974 |   0.00936003413633 |
|  0.208333333333 |   0.0052279650232 |   0.00383220019017 |   0.00906016521337 |
|  0.229166666667 |  0.00491795745607 |   0.00380712174927 |   0.00872507920533 |
|            0.25 |  0.00459434258862 |   0.00376337227849 |   0.00835771486711 |
|  0.270833333333 |  0.00425791404979 |   0.00370328310645 |   0.00796119715624 |
|  0.291666666667 |  0.00390950207075 |   0.00362930300504 |   0.00753880507579 |
|          0.3125 |   0.0035499713453 |   0.00354396693109 |   0.00709393827639 |
|  0.333333333333 |  0.00318021878947 |   0.00344986398712 |   0.00663008277659 |
|  0.354166666667 |  0.00280117120659 |   0.00334960496263 |   0.00615077616922 |
|           0.375 |  0.00247865224325 |   0.00324578982182 |   0.00572444206507 |
|  0.395833333333 |  0.00226755892401 |   0.00314097550346 |   0.00540853442746 |
|  0.416666666667 |  0.00204961348364 |   0.00303764439502 |   0.00508725787866 |
|          0.4375 |   0.0018254745108 |   0.00293817383509 |   0.00476364834589 |
|  0.458333333333 |  0.00159581930977 |   0.00284480698641 |   0.00444062629618 |
|  0.479166666667 |  0.00136134185382 |   0.00275962540621 |   0.00412096726002 |
|             0.5 |  0.00112275068811 |   0.00268452362152 |   0.00380727430963 |
|  0.520833333333 | 0.000880766788647 |   0.00262118599442 |   0.00350195278307 |
|  0.541666666667 | 0.000636121383611 |   0.00257106613662 |   0.00320718752023 |
|          0.5625 | 0.000389553743735 |   0.00253536910413 |   0.00292492284786 |
|  0.583333333333 |  0.00014180894837 |    0.0025150365718 |   0.00265684552017 |
|  0.604166666667 |               0.0 |   0.00251073515421 |   0.00251073515421 |
|           0.625 |               0.0 |   0.00252284800407 |   0.00252284800407 |
|  0.645833333333 |               0.0 |   0.00255146978314 |   0.00255146978314 |
|  0.666666666667 |               0.0 |   0.00259640506259 |   0.00259640506259 |
|          0.6875 |               0.0 |   0.00265717017188 |   0.00265717017188 |
|  0.708333333333 |               0.0 |   0.00273299847658 |   0.00273299847658 |
|  0.729166666667 |               0.0 |   0.00282284902729 |   0.00282284902729 |
|            0.75 |               0.0 |   0.00292541848439 |   0.00292541848439 |
|  0.770833333333 |               0.0 |   0.00303915618666 |   0.00303915618666 |
|  0.791666666667 |               0.0 |   0.00316228219661 |   0.00316228219661 |
|          0.8125 |               0.0 |   0.00329280812236 |   0.00329280812236 |
|  0.833333333333 |               0.0 |   0.00342856048461 |   0.00342856048461 |
|  0.854166666667 |               0.0 |    0.0035672063687 |    0.0035672063687 |
|           0.875 |               0.0 |   0.00370628107629 |   0.00370628107629 |
|  0.895833333333 |               0.0 |   0.00384321746845 |   0.00384321746845 |
|  0.916666666667 |               0.0 |   0.00397537667289 |   0.00397537667289 |
|          0.9375 |               0.0 |    0.0041000798125 |    0.0041000798125 |
|  0.958333333333 |               0.0 |   0.00421464040069 |   0.00421464040069 |
|  0.979166666667 |               0.0 |   0.00431639704097 |   0.00431639704097 |
|             1.0 |               0.0 |   0.00440274606441 |   0.00440274606441 |
|   1.02083333333 |               0.0 |   0.00447117373898 |   0.00447117373898 |
|   1.04166666667 |               0.0 |   0.00451928768846 |   0.00451928768846 |
|          1.0625 |               0.0 |   0.00454484716744 |   0.00454484716744 |
|   1.08333333333 |               0.0 |   0.00454579185033 |   0.00454579185033 |
|   1.10416666667 |               0.0 |   0.00452026880876 |   0.00452026880876 |
|           1.125 |               0.0 |    0.0044666573707 |    0.0044666573707 |
|   1.14583333333 |               0.0 |   0.00438359157772 |   0.00438359157772 |
|   1.16666666667 |               0.0 |   0.00426997998284 |   0.00426997998284 |
|          1.1875 |               0.0 |    0.0041250225599 |    0.0041250225599 |
|   1.20833333333 |               0.0 |   0.00394822452706 |   0.00394822452706 |
|   1.22916666667 |               0.0 |   0.00373940692048 |   0.00373940692048 |
|            1.25 |               0.0 |   0.00349871378953 |   0.00349871378953 |
|   1.27083333333 |               0.0 |   0.00322661592176 |   0.00322661592176 |
|   1.29166666667 |               0.0 |   0.00292391104372 |   0.00292391104372 |
|          1.3125 |               0.0 |   0.00259172048218 |   0.00259172048218 |
|   1.33333333333 |               0.0 |   0.00223148230889 |   0.00223148230889 |
|   1.35416666667 |               0.0 |    0.0018449410307 |    0.0018449410307 |
|           1.375 |               0.0 |   0.00143413392439 |   0.00143413392439 |
|   1.39583333333 |               0.0 |    0.0010013741525 |    0.0010013741525 |
|   1.41666666667 |               0.0 |  0.000549230831716 |  0.000549230831716 |
|          1.4375 |               0.0 |  8.05062588032e-05 |  8.05062588032e-05 |
|   1.45833333333 |               0.0 | -0.000401789469759 | -0.000401789469759 |
|   1.47916666667 |               0.0 | -0.000894466179441 | -0.000894466179441 |
|             1.5 |               0.0 |  -0.00139418338997 |  -0.00139418338997 |
|   1.52083333333 |               0.0 |  -0.00189748182486 |  -0.00189748182486 |
|   1.54166666667 |               0.0 |  -0.00240081632559 |  -0.00240081632559 |
|          1.5625 |               0.0 |  -0.00290058982209 |  -0.00290058982209 |
|   1.58333333333 |               0.0 |  -0.00339318799939 |  -0.00339318799939 |
|   1.60416666667 |               0.0 |  -0.00387501429243 |  -0.00387501429243 |
|           1.625 |               0.0 |  -0.00434252483696 |  -0.00434252483696 |
|   1.64583333333 |               0.0 |  -0.00479226300455 |  -0.00479226300455 |
|   1.66666666667 |               0.0 |  -0.00522089315414 |  -0.00522089315414 |
|          1.6875 |               0.0 |   -0.0056252332403 |   -0.0056252332403 |
|   1.70833333333 |               0.0 |  -0.00600228593087 |  -0.00600228593087 |
|   1.72916666667 |               0.0 |  -0.00634926790221 |  -0.00634926790221 |
|            1.75 |               0.0 |  -0.00666363699992 |  -0.00666363699992 |
|   1.77083333333 |               0.0 |  -0.00694311697563 |  -0.00694311697563 |
|   1.79166666667 | 7.09132225731e-05 |  -0.00718571953662 |  -0.00711480631404 |
|          1.8125 | 0.000318856942505 |  -0.00738976347376 |  -0.00707090653125 |
|   1.83333333333 | 0.000565837138902 |  -0.00755389066491 |    -0.006988053526 |
|   1.85416666667 | 0.000951636454669 |  -0.00767707878419 |  -0.00672544232953 |
|           1.875 |  0.00137795369231 |  -0.00775865058353 |  -0.00638069689122 |
|   1.89583333333 |   0.0018004444502 |  -0.00779827964924 |  -0.00599783519905 |
|   1.91666666667 |   0.0022180224622 |  -0.00779599257498 |  -0.00557797011278 |
|          1.9375 |  0.00262961526221 |  -0.00775216753051 |   -0.0051225522683 |
|   1.95833333333 |  0.00303416704982 |  -0.00766752924486 |  -0.00463336219504 |
|   1.97916666667 |  0.00343064150855 |  -0.00754314046107 |  -0.00411249895253 |
|             2.0 |  0.00381802456871 |  -0.00738038995754 |  -0.00356236538883 |
|   2.02083333333 |  0.00419532710732 |  -0.00718097726805 |  -0.00298565016074 |
|   2.04166666667 |  0.00456158757764 |  -0.00694689426815 |  -0.00238530669052 |
|          2.0625 |   0.0049158745611 |    -0.006680403829 |   -0.0017645292679 |
|   2.08333333333 |  0.00525728923459 |  -0.00638401577142 |  -0.00112672653683 |
|   2.10416666667 |  0.00558496774638 |  -0.00606046038179 | -0.000475492635413 |
|           2.125 |  0.00589808349409 |  -0.00571265977741 |  0.000185423716683 |
|   2.14583333333 |  0.00619584929857 |   -0.0053436974318 |   0.00085215186677 |
|   2.16666666667 |  0.00647751946776 |   -0.0049567861903 |   0.00152073327745 |
|          2.1875 |  0.00674239174476 |  -0.00455523512153 |   0.00218715662322 |
|   2.20833333333 |  0.00698980913512 |  -0.00414241556324 |   0.00284739357187 |
|   2.22916666667 |   0.0072191616081 |  -0.00372172672853 |   0.00349743487958 |
|            2.25 |  0.00742988766757 |  -0.00329656124318 |   0.00413332642439 |
|   2.27083333333 |  0.00762147578812 |  -0.00287027098474 |   0.00475120480339 |
|   2.29166666667 |  0.00779346571283 |  -0.00244613359013 |    0.0053473321227 |
|          2.3125 |  0.00794544960894 |  -0.00202731999086 |   0.00591812961808 |
|   2.33333333333 |  0.00807707307872 |  -0.00161686332285 |   0.00646020975586 |
|   2.35416666667 |  0.00818803602268 |  -0.00121762954268 |      0.00697040648 |
|           2.375 |  0.00827809335304 | -0.000832290062372 |   0.00744580329067 |
|   2.39583333333 |  0.00834705555566 | -0.000463296692933 |   0.00788375886272 |
|   2.41666666667 |  0.00839478909908 | -0.000112859160383 |    0.0082819299387 |
|          2.4375 |   0.0084212166898 |  0.000217074569959 |   0.00863829125976 |
|   2.45833333333 |  0.00842631737322 |  0.000524834956704 |   0.00895115232992 |
|   2.47916666667 |  0.00841012648033 |  0.000809044362111 |   0.00921917084244 |
|             2.5 |  0.00837273542045 |    0.0010686272125 |   0.00944136263295 |
|   2.52083333333 |  0.00831429132085 |   0.00130281674028 |   0.00961710806113 |
|   2.54166666667 |  0.00823499651459 |   0.00151115824616 |   0.00974615476074 |
|          2.5625 |   0.0081351078781 |   0.00169350885852 |   0.00982861673662 |
|   2.58333333333 |  0.00801493602083 |   0.00185003380553 |   0.00986496982635 |
|   2.60416666667 |  0.00787484432923 |   0.00198119925392 |   0.00985604358315 |
|           2.625 |  0.00771524786821 |    0.0020877618061 |   0.00980300967432 |
|   2.64583333333 |  0.00753661214325 |   0.00217075478409 |   0.00970736692734 |
|   2.66666666667 |  0.00733945172692 |   0.00223147146384 |   0.00957092319076 |
|          2.6875 |  0.00712432875392 |   0.00227144545732 |   0.00939577421125 |
|   2.70833333333 |  0.00689185128907 |   0.00229242847055 |   0.00918427975962 |
|   2.72916666667 |  0.00664267157299 |   0.00229636569484 |   0.00893903726783 |
|            2.75 |  0.00637748415072 |    0.0022853691143 |   0.00866285326502 |
|   2.77083333333 |  0.00609702388864 |   0.00226168903525 |   0.00835871292389 |
|   2.79166666667 |  0.00580206388552 |   0.00222768416276 |   0.00802974804828 |
|          2.8125 |  0.00549341328368 |   0.00218579056516 |   0.00767920384885 |
|   2.83333333333 |  0.00517191498669 |   0.00213848987936 |   0.00731040486605 |
|   2.85416666667 |  0.00483844329003 |   0.00208827711802 |   0.00692672040805 |
|           2.875 |   0.0044939014317 |   0.00203762844365 |   0.00653152987535 |
|   2.89583333333 |  0.00413921906967 |   0.00198896927474 |   0.00612818834441 |
|   2.91666666667 |  0.00377534969338 |   0.00194464308525 |   0.00571999277863 |
|          2.9375 |  0.00340326797676 |   0.00190688125067 |   0.00531014922742 |
|   2.95833333333 |  0.00302396708028 |   0.00187777428207 |   0.00490174136234 |
|   2.97916666667 |  0.00267391361449 |   0.00185924477414 |   0.00453315838863 |
|             3.0 |   0.0025312342872 |    0.0018530223737 |   0.00438425666091 |
|   3.02083333333 |  0.00238354198244 |   0.00186062105281 |   0.00424416303525 |
|   3.04166666667 |  0.00223112919711 |   0.00188331894483 |   0.00411444814194 |
|          3.0625 |  0.00207429777679 |   0.00192214097324 |   0.00399643875004 |
|   3.08333333333 |  0.00191335831792 |   0.00197784447177 |    0.0038912027897 |
|   3.10416666667 |  0.00174862955271 |   0.00205090796124 |   0.00379953751395 |
|           3.125 |  0.00158043771788 |   0.00214152321332 |    0.0037219609312 |
|   3.14583333333 |  0.00140911590859 |   0.00224959069486 |   0.00365870660345 |
|   3.16666666667 |  0.00123500341874 |   0.00237471844862 |   0.00360972186736 |
|          3.1875 |  0.00105844506904 |   0.00251622442835 |    0.0035746694974 |
|   3.20833333333 | 0.000879790524096 |    0.0026731422673 |    0.0035529327914 |
|   3.22916666667 | 0.000699393599908 |   0.00284423042124 |   0.00354362402115 |
|            3.25 | 0.000517611563178 |   0.00302798458948 |   0.00354559615265 |
|   3.27083333333 | 0.000334804423746 |   0.00322265328049 |   0.00355745770424 |
|   3.29166666667 | 0.000151334221617 |   0.00342625635419 |   0.00357759057581 |
|          3.3125 |               0.0 |   0.00363660633898 |   0.00363660633898 |
|   3.33333333333 |               0.0 |   0.00385133229119 |   0.00385133229119 |
|   3.35416666667 |               0.0 |   0.00406790593565 |   0.00406790593565 |
|           3.375 |               0.0 |   0.00428366980063 |   0.00428366980063 |
|   3.39583333333 |               0.0 |   0.00449586703778 |   0.00449586703778 |
|   3.41666666667 |               0.0 |   0.00470167259867 |   0.00470167259867 |
|          3.4375 |               0.0 |   0.00489822542392 |   0.00489822542392 |
|   3.45833333333 |               0.0 |   0.00508266128914 |   0.00508266128914 |
|   3.47916666667 |               0.0 |   0.00525214594422 |   0.00525214594422 |
|             3.5 |               0.0 |   0.00540390817842 |   0.00540390817842 |
|   3.52083333333 |               0.0 |   0.00553527244409 |   0.00553527244409 |
|   3.54166666667 |               0.0 |   0.00564369067596 |   0.00564369067596 |
|          3.5625 |               0.0 |    0.0057267729512 |    0.0057267729512 |
|   3.58333333333 |               0.0 |   0.00578231664751 |   0.00578231664751 |
|   3.60416666667 |               0.0 |   0.00580833377248 |   0.00580833377248 |
|           3.625 |               0.0 |   0.00580307615685 |   0.00580307615685 |
|   3.64583333333 |               0.0 |   0.00576505822719 |   0.00576505822719 |
|   3.66666666667 |               0.0 |   0.00569307709959 |   0.00569307709959 |
|          3.6875 |               0.0 |   0.00558622976473 |   0.00558622976473 |
|   3.70833333333 |               0.0 |   0.00544392716614 |   0.00544392716614 |
|   3.72916666667 |               0.0 |   0.00526590500708 |   0.00526590500708 |
|            3.75 |               0.0 |   0.00505223115683 |   0.00505223115683 |
|   3.77083333333 |               0.0 |   0.00480330956414 |   0.00480330956414 |
|   3.79166666667 |               0.0 |   0.00451988062337 |   0.00451988062337 |
|          3.8125 |               0.0 |   0.00420301797752 |   0.00420301797752 |
|   3.83333333333 |               0.0 |   0.00385412178102 |   0.00385412178102 |
|   3.85416666667 |               0.0 |   0.00347490848354 |   0.00347490848354 |
|           3.875 |               0.0 |    0.0030673972343 |    0.0030673972343 |
|   3.89583333333 |               0.0 |   0.00263389304275 |   0.00263389304275 |
|   3.91666666667 |               0.0 |   0.00217696686707 |   0.00217696686707 |
|          3.9375 |               0.0 |   0.00169943283559 |   0.00169943283559 |
|   3.95833333333 |               0.0 |   0.00120432283714 |   0.00120432283714 |
|   3.97916666667 |               0.0 |  0.000694858745493 |  0.000694858745493 |
|             4.0 |               0.0 |  0.000174422568613 |  0.000174422568613 |
|   4.02083333333 |               0.0 |  -0.00035347516358 |  -0.00035347516358 |
|   4.04166666667 |               0.0 | -0.000885228440178 | -0.000885228440178 |
|          4.0625 |               0.0 |   -0.0014171698903 |   -0.0014171698903 |
|   4.08333333333 |               0.0 |  -0.00194560562367 |  -0.00194560562367 |
|   4.10416666667 |               0.0 |  -0.00246685042227 |  -0.00246685042227 |
|           4.125 |               0.0 |   -0.0029772629105 |   -0.0029772629105 |
|   4.14583333333 |               0.0 |   -0.0034732803315 |   -0.0034732803315 |
|   4.16666666667 |               0.0 |  -0.00395145256111 |  -0.00395145256111 |
|          4.1875 | 0.000248081468096 |  -0.00440847499945 |  -0.00416039353136 |
|   4.20833333333 | 0.000495413282346 |  -0.00484121999166 |  -0.00434580670932 |
|   4.22916666667 | 0.000741248054214 |  -0.00524676644556 |  -0.00450551839135 |
|            4.25 | 0.000984842918933 |  -0.00562242733316 |  -0.00463758441423 |
|   4.27083333333 |   0.0012254617803 |  -0.00596577478582 |  -0.00474031300553 |
|   4.29166666667 |    0.001462377535 |  -0.00627466251899 |  -0.00481228498399 |
|          4.3125 |  0.00169487426982 |  -0.00654724535095 |  -0.00485237108113 |
|   4.33333333333 |  0.00192224942493 |   -0.0067819956118 |  -0.00485974618687 |
|   4.35416666667 |  0.00214381591692 |  -0.00697771627222 |   -0.0048339003553 |
|           4.375 |  0.00235890421504 |  -0.00713355065711 |  -0.00477464644207 |
|   4.39583333333 |  0.00256686436438 |  -0.00724898864612 |  -0.00468212428174 |
|   4.41666666667 |  0.00276706794989 |  -0.00732386930096 |  -0.00455680135107 |
|          4.4375 |  0.00295890999537 |  -0.00735837989811 |  -0.00439946990275 |
|   4.45833333333 |  0.00314181079153 |  -0.00735305138423 |   -0.0042112405927 |
|   4.47916666667 |  0.00331521764782 |   -0.0073087503102 |  -0.00399353266238 |
|             4.5 |  0.00347860656252 |  -0.00722666733786 |  -0.00374806077534 |
|   4.52083333333 |  0.00363148380617 |  -0.00710830245011 |  -0.00347681864394 |
|   4.54166666667 |  0.00377338741354 |   -0.0069554470309 |  -0.00318205961736 |
|          4.5625 |  0.00390388857959 |  -0.00677016301509 |   -0.0028662744355 |
|   4.58333333333 |  0.00402259295522 |  -0.00655475933952 |  -0.00253216638431 |
|   4.60416666667 |  0.00412914183894 |  -0.00631176595589 |  -0.00218262411695 |
|           4.625 |   0.0042232132608 |  -0.00604390569161 |  -0.00182069243081 |
|   4.64583333333 |   0.0043045229553 |  -0.00575406426824 |  -0.00144954131294 |
|   4.66666666667 |  0.00437282522038 |  -0.00544525880611 |  -0.00107243358573 |
|          4.6875 |  0.00442791365992 |  -0.00512060516009 | -0.000692691500174 |
|   4.70833333333 |  0.00446962180738 |  -0.00478328444331 | -0.000313662635933 |
|   4.72916666667 |  0.00449782362887 |    -0.004436509104 |  6.13145248694e-05 |
|            4.75 |  0.00451243390398 |  -0.00408348892482 |  0.000428944979166 |
|   4.77083333333 |  0.00451340848332 |  -0.00372739731423 |  0.000786011169095 |
|   4.79166666667 |  0.00460885214996 |  -0.00337133825561 |   0.00123751389436 |
|          4.8125 |  0.00476616116108 |  -0.00301831427202 |   0.00174784688906 |
|   4.83333333333 |  0.00490937150641 |  -0.00267119575269 |   0.00223817575372 |
|   4.85416666667 |  0.00503824099618 |  -0.00233269197174 |   0.00270554902444 |
|           4.875 |  0.00515256979696 |  -0.00200532411069 |   0.00314724568627 |
|   4.89583333333 |  0.00525220066001 |  -0.00169140057355 |   0.00356080008646 |
|   4.91666666667 |  0.00533701902371 |  -0.00139299485761 |    0.0039440241661 |
|          4.9375 |  0.00540695299037 |  -0.00111192621477 |    0.0042950267756 |
|   4.95833333333 |  0.00546197317828 | -0.000849743306651 |   0.00461222987163 |
|   4.97916666667 |  0.00550209245016 | -0.000607711023936 |   0.00489438142623 |
|             5.0 |  0.00552736551956 | -0.000386800604866 |    0.0051405649147 |
|   5.02083333333 |  0.00553788843707 | -0.000187683151303 |   0.00535020528577 |
|   5.04166666667 |  0.00553379795858 | -1.07266031797e-05 |    0.0055230713554 |
|          5.0625 |  0.00551527079827 |  0.000144003806266 |   0.00565927460454 |
|   5.08333333333 |  0.00548252276907 |  0.000276741630544 |   0.00575926439961 |
|   5.10416666667 |  0.00543580781399 |  0.000388011879654 |   0.00582381969364 |
|           5.125 |  0.00537541693186 |  0.000478620371658 |   0.00585403730352 |
|   5.14583333333 |  0.00530167700119 |  0.000549639894832 |   0.00585131689602 |
|   5.16666666667 |   0.0052149495065 |  0.000602393344422 |   0.00581734285092 |
|          5.1875 |  0.00511562917134 |  0.000638434031387 |   0.00575406320272 |
|   5.20833333333 |  0.00500414250282 |  0.000659523391736 |   0.00566366589456 |
|   5.22916666667 |  0.00488094625254 |  0.000667606353716 |   0.00554855260625 |
|            5.25 |  0.00474652579891 |  0.000664784645932 |   0.00541131044485 |
|   5.27083333333 |  0.00460139345654 |  0.000653288352161 |    0.0052546818087 |
|   5.29166666667 |  0.00444608671787 |  0.000635446037898 |   0.00508153275576 |
|          5.3125 |  0.00428116643308 |   0.00061365378942 |    0.0048948202225 |
|   5.33333333333 |  0.00410721493402 |  0.000590343518026 |   0.00469755845205 |
|   5.35416666667 |  0.00392483410821 |  0.000567950890219 |   0.00449278499843 |
|           5.375 |  0.00394731311397 |  0.000548883248588 |   0.00449619636256 |
|   5.39583333333 |  0.00399743237689 |  0.000535487888215 |    0.0045329202651 |
|   5.41666666667 |   0.0040396349335 |  0.000530021049392 |   0.00456965598289 |
|          5.4375 |  0.00407383720384 |  0.000534617979476 |   0.00460845518331 |
|   5.45833333333 |  0.00409997145209 |  0.000551264404779 |   0.00465123585687 |
|   5.47916666667 |  0.00411798592075 |  0.000581769737765 |   0.00469975565852 |
|             5.5 |   0.0041278449331 |  0.000627742325557 |   0.00475558725866 |
|   5.52083333333 |  0.00412952896387 |   0.00069056702313 |     0.004820095987 |
|   5.54166666667 |  0.00412303467794 |  0.000771385348778 |   0.00489442002671 |
|          5.5625 |  0.00410837493688 |  0.000871078450851 |   0.00497945338774 |
|   5.58333333333 |  0.00408557877357 |  0.000990253083565 |   0.00507583185714 |
|   5.60416666667 |  0.00405469133461 |   0.00112923075635 |   0.00518392209096 |
|           5.625 |  0.00401577379096 |   0.00128804018601 |   0.00530381397697 |
|   5.64583333333 |  0.00396890321679 |   0.00146641314438 |   0.00543531636118 |
|   5.66666666667 |  0.00391417243683 |   0.00166378375644 |   0.00557795619326 |
|          5.6875 |  0.00385168984252 |   0.00187929126551 |   0.00573098110803 |
|   5.70833333333 |  0.00378157917739 |   0.00211178624394 |   0.00589336542133 |
|   5.72916666667 |  0.00370397929196 |   0.00235984018895 |   0.00606381948091 |
|            5.75 |  0.00361904386874 |   0.00262175840611 |   0.00624080227485 |
|   5.77083333333 |  0.00352694111792 |   0.00289559604599 |   0.00642253716391 |
|   5.79166666667 |  0.00342785344419 |   0.00317917712471 |    0.0066070305689 |
|          5.8125 |  0.00332197708552 |   0.00347011632549 |   0.00679209341101 |
|   5.83333333333 |  0.00320952172451 |   0.00376584334751 |   0.00697536507202 |
|   5.85416666667 |  0.00309071007313 |   0.00406362953962 |   0.00715433961275 |
|           5.875 |  0.00296577743168 |   0.00436061653096 |   0.00732639396264 |
|   5.89583333333 |  0.00283497122272 |   0.00465384654789 |   0.00748881777061 |
|   5.91666666667 |  0.00269855050114 |   0.00494029408756 |    0.0076388445887 |
|          5.9375 |  0.00255678544104 |   0.00521689860291 |   0.00777368404395 |
|   5.95833333333 |  0.00240995680075 |   0.00548059784208 |   0.00789055464283 |
|   5.97916666667 |  0.00225835536673 |    0.0057283614776 |   0.00798671684433 |
|             6.0 |   0.0021022813777 |   0.00595722465651 |   0.00805950603421 |
|   6.02083333333 |  0.00194204393006 |   0.00616432110309 |   0.00810636503315 |
|   6.04166666667 |  0.00177796036572 |   0.00634691540998 |   0.00812487577569 |
|          6.0625 |  0.00161035564361 |   0.00650243416165 |   0.00811278980526 |
|   6.08333333333 |  0.00143956169615 |   0.00662849554645 |   0.00806805724261 |
|   6.10416666667 |  0.00126591677185 |    0.0067229371292 |   0.00798885390105 |
|           6.125 |  0.00108976476541 |   0.00678384147599 |   0.00787360624139 |
|   6.14583333333 | 0.000911454536695 |   0.00680955934556 |   0.00772101388226 |
|   6.16666666667 | 0.000731339219815 |   0.00679873018791 |   0.00753006940773 |
|          6.1875 | 0.000549775523758 |   0.00675029971934 |    0.0073000752431 |
|   6.20833333333 | 0.000367123025953 |   0.00666353437496 |   0.00703065740091 |
|   6.22916666667 | 0.000183743460146 |   0.00653803247302 |   0.00672177593317 |
|            6.25 |               0.0 |   0.00637373196111 |   0.00637373196111 |
|   6.27083333333 |               0.0 |   0.00617091465091 |   0.00617091465091 |
|   6.29166666667 |               0.0 |   0.00593020688656 |   0.00593020688656 |
|          6.3125 |               0.0 |   0.00565257662978 |   0.00565257662978 |
|   6.33333333333 |               0.0 |   0.00533932698405 |   0.00533932698405 |
|   6.35416666667 |               0.0 |   0.00499208621859 |   0.00499208621859 |
|           6.375 |               0.0 |   0.00461279439073 |   0.00461279439073 |
|   6.39583333333 |               0.0 |   0.00420368670226 |   0.00420368670226 |
|   6.41666666667 |               0.0 |   0.00376727376065 |   0.00376727376065 |
|          6.4375 |               0.0 |   0.00330631894972 |   0.00330631894972 |
|   6.45833333333 |               0.0 |   0.00282381314553 |   0.00282381314553 |
|   6.47916666667 |               0.0 |   0.00232294704229 |   0.00232294704229 |
|             6.5 |               0.0 |   0.00180708137874 |   0.00180708137874 |
|   6.52083333333 |               0.0 |   0.00127971537852 |   0.00127971537852 |
|   6.54166666667 |               0.0 |  0.000744453737165 |  0.000744453737165 |
|          6.5625 | 0.000177244783296 |  0.000204972504356 |  0.000382217287653 |
|   6.58333333333 | 0.000424867189976 | -0.000335015778134 |  8.98514118423e-05 |
|   6.60416666667 | 0.000671205730815 | -0.000871797314223 | -0.000200591583408 |
|           6.625 | 0.000915516018754 |   -0.0014016922944 | -0.000486176275643 |
|   6.64583333333 |  0.00115705979572 |  -0.00192108976706 | -0.000764029971346 |
|   6.66666666667 |  0.00139510716349 |   -0.0024264817718 |  -0.00103137460831 |
|          6.6875 |  0.00162893878933 |  -0.00291449637394 |  -0.00128555758461 |
|   6.70833333333 |  0.00185784807962 |  -0.00338192925191 |  -0.00152408117228 |
|   6.72916666667 |  0.00208114331512 |  -0.00382577350455 |  -0.00174463018943 |
|            6.75 |  0.00229814974113 |  -0.00424324736489 |  -0.00194509762376 |
|   6.77083333333 |  0.00250821160654 |  -0.00463181952968 |  -0.00212360792314 |
|   6.79166666667 |  0.00271069414533 |  -0.00498923183995 |  -0.00227853769462 |
|          6.8125 |  0.00290498549472 |  -0.00531351907655 |  -0.00240853358183 |
|   6.83333333333 |  0.00309049854414 |   -0.0056030256661 |  -0.00251252712196 |
|   6.85416666667 |   0.0032666727093 |  -0.00585641912607 |  -0.00258974641677 |
|           6.875 |   0.0034329756262 |  -0.00607270011358 |  -0.00263972448738 |
|   6.89583333333 |  0.00358890475986 |   -0.0062512089788 |  -0.00266230421894 |
|   6.91666666667 |  0.00373398892281 |  -0.00639162876219 |  -0.00265763983938 |
|          6.9375 |    0.003867789699 |  -0.00649398461314 |  -0.00262619491414 |
|   6.95833333333 |  0.00398990276855 |  -0.00655863964646 |  -0.00256873687791 |
|   6.97916666667 |  0.00409995912957 |  -0.00658628729161 |  -0.00248632816203 |
|             7.0 |  0.00419762621319 |  -0.00657794022763 |  -0.00238031401443 |
|   7.02083333333 |  0.00428260888852 |  -0.00653491603359 |  -0.00225230714507 |
|   7.04166666667 |  0.00435465035447 |  -0.00645881971981 |  -0.00210416936535 |
|          7.0625 |  0.00441353291577 |  -0.00635152333869 |  -0.00193799042292 |
|   7.08333333333 |  0.00445907864081 |  -0.00621514290557 |  -0.00175606426477 |
|   7.10416666667 |  0.00449114989927 |   -0.0060520128888 |  -0.00156086298953 |
|           7.125 |  0.00450964977806 |   -0.0058646585542 |  -0.00135500877613 |
|   7.14583333333 |  0.00451452237416 |  -0.00565576647219 |  -0.00114124409802 |
|   7.16666666667 |  0.00450575296354 |  -0.00542815351509 | -0.000922400551552 |
|          7.1875 |  0.00448336804563 |  -0.00518473468823 | -0.000701366642596 |
|   7.20833333333 |   0.0044474352633 |  -0.00492849015051 | -0.000481054887208 |
|   7.22916666667 |  0.00439806319842 |  -0.00466243178839 | -0.000264368589973 |
|            7.25 |  0.00433540104374 |  -0.00438956971132 | -5.41686675849e-05 |
|   7.27083333333 |  0.00425963815207 |  -0.00411287903706 |  0.000146759115012 |
|   7.29166666667 |  0.00417100346413 |  -0.00383526733134 |  0.000335736132783 |
|          7.3125 |  0.00406976481664 |  -0.00355954305848 |  0.000510221758155 |
|   7.33333333333 |  0.00395622813308 |  -0.00328838538794 |  0.000667842745139 |
|   7.35416666667 |  0.00383073649918 |  -0.00302431568608 |  0.000806420813093 |
|           7.375 |  0.00369366912619 |  -0.00276967100352 |  0.000923998122672 |
|   7.39583333333 |    0.003545440205 |  -0.00252657984564 |   0.00101886035936 |
|   7.41666666667 |  0.00338649765452 |  -0.00229694048854 |   0.00108955716598 |
|          7.4375 |  0.00321732176816 |  -0.00208240207366 |   0.00113491969451 |
|   7.45833333333 |  0.00303842376248 |  -0.00188434868381 |   0.00115407507867 |
|   7.47916666667 |  0.00285034423238 |  -0.00170388656963 |   0.00114645766275 |
|             7.5 |  0.00265365151754 |  -0.00154183466045 |   0.00111181685709 |
|   7.52083333333 |  0.00244893998502 |  -0.00139871845721 |   0.00105022152781 |
|   7.54166666667 |  0.00223682823316 |  -0.00127476736703 |  0.000962060866131 |
|          7.5625 |  0.00201795722235 |  -0.00116991550117 |  0.000848041721176 |
|   7.58333333333 |  0.00179298833811 |  -0.00108380591933 |  0.000709182418778 |
|   7.60416666667 |  0.00156260139256 |  -0.00101579826513 |  0.000546803127436 |
|           7.625 |  0.00132749257017 | -0.000964979699885 |   0.00036251287028 |
|   7.64583333333 |  0.00108837232395 | -0.000930179005196 |  0.000158193318753 |
|   7.66666666667 | 0.000845963228696 | -0.000909983689676 | -6.40204609795e-05 |
|          7.6875 | 0.000600997797444 | -0.000902759901846 | -0.000301762104401 |
|   7.70833333333 | 0.000354216267984 | -0.000906674920042 | -0.000552458652058 |
|   7.72916666667 | 0.000182044184634 | -0.000919721961563 |  -0.00073767777693 |
|            7.75 | 0.000259317485411 | -0.000939747027567 | -0.000680429542156 |
|   7.77083333333 | 0.000442441587434 | -0.000964477477558 | -0.000522035890124 |
|   7.79166666667 | 0.000624689456971 | -0.000991552008113 | -0.000366862551142 |
|          7.8125 | 0.000805700161624 |  -0.00101855169481 | -0.000212851533186 |
|   7.83333333333 | 0.000985115219134 |  -0.00104303174447 | -5.79165253406e-05 |
|   7.85416666667 |  0.00116257930734 |  -0.00106255359687 |  0.000100025710467 |
|           7.875 |  0.00133774096787 |  -0.00107471701098 |   0.00026302395689 |
|   7.89583333333 |  0.00151025330219 |  -0.00107719177101 |   0.00043306153118 |
|   7.91666666667 |  0.00167977465862 |  -0.00106774865145 |  0.000612026007172 |
|          7.9375 |  0.00184596930896 |  -0.00104428928838 |  0.000801680020586 |
|   7.95833333333 |  0.00200850811338 |  -0.00100487461633 |   0.00100363349705 |
|   7.97916666667 |  0.00216706917224 | -0.000947751545671 |   0.00121931762657 |
|             8.0 |  0.00232133846365 | -0.000871377574776 |   0.00144996088887 |
|   8.02083333333 |  0.00247101046531 | -0.000774443053933 |   0.00169656741138 |
|   8.04166666667 |  0.00261578875965 | -0.000655890843848 |    0.0019598979158 |
|          8.0625 |  0.00275538662079 | -0.000514933140173 |   0.00224045348061 |
|   8.08333333333 |  0.00288952758245 | -0.000351065266792 |   0.00253846231566 |
|   8.10416666667 |  0.00301794598546 |  -0.00016407627395 |   0.00285386971151 |
|           8.125 |  0.00314038750386 |  4.59437874057e-05 |   0.00318633129127 |
|   8.14583333333 |  0.00325660964863 |  0.000278600007074 |    0.0035352096557 |
|   8.16666666667 |  0.00336638224785 |  0.000533192227077 |   0.00389957447493 |
|          8.1875 |  0.00346948790263 |  0.000808718139098 |   0.00427820604173 |
|   8.20833333333 |   0.0035657224176 |   0.00110387984526 |   0.00466960226286 |
|   8.22916666667 |  0.00365489520531 |   0.00141709382129 |    0.0050719890266 |
|            8.25 |  0.00373682966372 |   0.00174650418346 |   0.00548333384718 |
|   8.27083333333 |  0.00381136352589 |     0.002089999124 |   0.00590136264989 |
|   8.29166666667 |  0.00387834918141 |   0.00244523034463 |   0.00632357952604 |
|          8.3125 |  0.00393765396868 |   0.00280963528441 |   0.00674728925309 |
|   8.33333333333 |  0.00398916043766 |   0.00318046190701 |   0.00716962234468 |
|   8.35416666667 |  0.00403276658248 |   0.00355479578405 |   0.00758756236653 |
|           8.375 |  0.00406838604344 |    0.0039295891852 |   0.00799797522864 |
|   8.39583333333 |  0.00409594827805 |   0.00430169186364 |   0.00839764014169 |
|   8.41666666667 |  0.00411539870075 |   0.00466788320566 |   0.00878328190641 |
|          8.4375 |  0.00412669879099 |   0.00502490539837 |   0.00915160418937 |
|   8.45833333333 |  0.00412982616954 |   0.00536949725712 |   0.00949932342666 |
|   8.47916666667 |  0.00412477464277 |   0.00569842834672 |   0.00982320298949 |
|             8.5 |  0.00411155421498 |   0.00600853302664 |    0.0101200872416 |
|   8.52083333333 |  0.00409019106854 |    0.0062967440504 |    0.0103869351189 |
|   8.54166666667 |  0.00406072751203 |   0.00656012535389 |    0.0106208528659 |
|          8.5625 |  0.00402322189651 |   0.00679590367516 |    0.0108191255717 |
|   8.58333333333 |  0.00397774849987 |   0.00700149866086 |    0.0109792471607 |
|   8.60416666667 |  0.00392439737982 |   0.00717455112996 |    0.0110989485098 |
|           8.625 |  0.00386327419547 |   0.00731294918528 |    0.0111762233807 |
|   8.64583333333 |  0.00379449999808 |    0.0074148518859 |     0.011209351884 |
|   8.66666666667 |  0.00371821099138 |   0.00747871021998 |    0.0111969212114 |
|          8.6875 |  0.00363455826176 |   0.00750328514602 |    0.0111378434078 |
|   8.70833333333 |  0.00354370747908 |   0.00748766250241 |    0.0110313699815 |
|   8.72916666667 |   0.0034458385686 |   0.00743126461852 |    0.0108771031871 |
|            8.75 |  0.00334114535456 |   0.00733385849621 |    0.0106750038508 |
|   8.77083333333 |  0.00322983517644 |   0.00719556046753 |     0.010425395644 |
|   8.79166666667 |  0.00311212847822 |   0.00701683727236 |    0.0101289657506 |
|          8.8125 |  0.00298825837189 |    0.0067985035384 |   0.00978676191029 |
|   8.83333333333 |  0.00285847017572 |   0.00654171568468 |    0.0094001858604 |
|   8.85416666667 |  0.00272302092847 |   0.00624796230836 |   0.00897098323683 |
|           8.875 |  0.00258217888032 |   0.00591905115259 |   0.00850123003291 |
|   8.89583333333 |  0.00243622296158 |   0.00555709279025 |   0.00799331575183 |
|   8.91666666667 |  0.00228544223034 |    0.0051644811934 |   0.00744992342374 |
|          8.9375 |  0.00223649966598 |   0.00474387139249 |   0.00698037105848 |
|   8.95833333333 |  0.00232482601576 |   0.00429815446035 |   0.00662298047611 |
|   8.97916666667 |   0.0024081793032 |   0.00383043008489 |   0.00623860938809 |
|             9.0 |  0.00248613746372 |   0.00334397702068 |   0.00583011448439 |
|   9.02083333333 |  0.00255829100873 |   0.00284222173207 |    0.0054005127408 |
|   9.04166666667 |  0.00262424460741 |   0.00232870556025 |   0.00495295016767 |
|          9.0625 |  0.00268361863251 |   0.00180705076216 |   0.00449066939467 |
|   9.08333333333 |  0.00273605066459 |    0.0012809257815 |    0.0040169764461 |
|   9.10416666667 |  0.00278119694962 |  0.000754010120104 |   0.00353520706972 |
|           9.125 |  0.00281873380476 |  0.000229959181814 |   0.00304869298657 |
|   9.14583333333 |   0.0028483589673 | -0.000287630538444 |   0.00256072842886 |
|   9.16666666667 |  0.00286979288205 | -0.000795255552164 |   0.00207453732989 |
|          9.1875 |  0.00288277992242 |  -0.00128953840078 |   0.00159324152164 |
|   9.20833333333 |  0.00303842376248 |  -0.00176725925668 |    0.0012711645058 |
|   9.22916666667 |  0.00321732176816 |  -0.00222538576888 |  0.000991935999279 |
|            9.25 |  0.00338649765452 |  -0.00266110083973 |  0.000725396814786 |
|   9.27083333333 |    0.003545440205 |  -0.00307182804189 |  0.000473612163111 |
|   9.29166666667 |  0.00369366912619 |  -0.00345525441046 |  0.000238414715723 |
|          9.3125 |  0.00383073649918 |  -0.00380935037418 |  2.13861249955e-05 |
|   9.33333333333 |  0.00395622813308 |  -0.00413238662045 | -0.000176158487369 |
|   9.35416666667 |  0.00406976481664 |  -0.00442294772295 | -0.000353182906308 |
|           9.375 |  0.00417100346413 |  -0.00467994239552 | -0.000508938931396 |
|   9.39583333333 |  0.00425963815207 |  -0.00490261027307 | -0.000642972120992 |
|   9.41666666667 |  0.00433540104374 |  -0.00509052515791 | -0.000755124114176 |
|          9.4375 |  0.00439806319842 |  -0.00524359470869 | -0.000845531510274 |
|   9.45833333333 |   0.0044474352633 |  -0.00536205658746 | -0.000914621324153 |
|   9.47916666667 |  0.00448336804563 |  -0.00544647111925 |  -0.00096310307362 |
|             9.5 |  0.00450575296354 |  -0.00549771055633 | -0.000991957592793 |
|   9.52083333333 |  0.00451452237416 |  -0.00551694507597 |  -0.00100242270181 |
|   9.54166666667 |  0.00450964977806 |   -0.0055056256763 | -0.000995975898239 |
|          9.5625 |  0.00449114989927 |  -0.00546546416817 | -0.000974314268901 |
|   9.58333333333 |  0.00445907864081 |  -0.00539841049237 |  -0.00093933185156 |
|   9.60416666667 |  0.00441353291577 |  -0.00530662762053 | -0.000893094704756 |
|           9.625 |  0.00435465035447 |  -0.00519246432385 | -0.000837813969383 |
|   9.64583333333 |  0.00428260888852 |   -0.0050584261168 | -0.000775817228279 |
|   9.66666666667 |  0.00419762621319 |  -0.00490714470229 | -0.000709518489101 |
|          9.6875 |  0.00409995912957 |  -0.00474134626091 | -0.000641387131331 |
|   9.70833333333 |  0.00398990276855 |  -0.00456381893851 | -0.000573916169962 |
|   9.72916666667 |    0.003867789699 |  -0.00437737989526 | -0.000509590196261 |
|            9.75 |  0.00373398892281 |  -0.00418484228271 | -0.000450853359901 |
|   9.77083333333 |  0.00358890475986 |  -0.00398898251641 | -0.000400077756546 |
|   9.79166666667 |   0.0034329756262 |  -0.00379250820702 | -0.000359532580815 |
|          9.8125 |   0.0032666727093 |  -0.00359802710566 | -0.000331354396364 |
|   9.83333333333 |  0.00309049854414 |   -0.0034080174069 | -0.000317518862761 |
|   9.85416666667 |  0.00290498549472 |  -0.00322479973773 | -0.000319814243009 |
|           9.875 |  0.00271069414533 |  -0.00305051114146 | -0.000339816996132 |
|   9.89583333333 |  0.00250821160654 |  -0.00288708134303 | -0.000378869736489 |
|   9.91666666667 |  0.00229814974113 |  -0.00273621155664 | -0.000438061815506 |
|          9.9375 |  0.00208114331512 |  -0.00259935606792 | -0.000518212752798 |
|   9.95833333333 |  0.00185784807962 |  -0.00247770679194 | -0.000619858712316 |
|   9.97916666667 |  0.00162893878933 |  -0.00237218097505 | -0.000743242185718 |
|            10.0 |  0.00139510716349 |   -0.0022834121733 | -0.000888305009809 |
|   10.0208333333 |  0.00115705979572 |  -0.00221174460392 |   -0.0010546848082 |
|   10.0416666667 | 0.000915516018754 |  -0.00215723092834 |  -0.00124171490959 |
|         10.0625 | 0.000671205730815 |  -0.00211963348737 |  -0.00144842775656 |
|   10.0833333333 | 0.000424867189976 |  -0.00209842897042 |  -0.00167356178044 |
|   10.1041666667 | 0.000177244783296 |  -0.00209281646254 |  -0.00191557167924 |
|          10.125 |               0.0 |  -0.00210172877537 |  -0.00210172877537 |
|   10.1458333333 |               0.0 |  -0.00212384693156 |  -0.00212384693156 |
|   10.1666666667 |               0.0 |    -0.002157617637 |    -0.002157617637 |
|         10.1875 |               0.0 |  -0.00220127354206 |  -0.00220127354206 |
|   10.2083333333 |               0.0 |  -0.00225285606168 |  -0.00225285606168 |
|   10.2291666667 |               0.0 |  -0.00231024049593 |  -0.00231024049593 |
|           10.25 |               0.0 |  -0.00237116316657 |  -0.00237116316657 |
|   10.2708333333 |               0.0 |  -0.00243325026286 |  -0.00243325026286 |
|   10.2916666667 |               0.0 |  -0.00249404807057 |  -0.00249404807057 |
|         10.3125 |               0.0 |  -0.00255105424249 |  -0.00255105424249 |
|   10.3333333333 |               0.0 |  -0.00260174975705 |  -0.00260174975705 |
|   10.3541666667 |               0.0 |  -0.00264363120366 |  -0.00264363120366 |
|          10.375 |               0.0 |  -0.00267424302935 |  -0.00267424302935 |
|   10.3958333333 |               0.0 |  -0.00269120938168 |  -0.00269120938168 |
|   10.4166666667 |               0.0 |  -0.00269226518663 |  -0.00269226518663 |
|         10.4375 |               0.0 |  -0.00267528610862 |  -0.00267528610862 |
|   10.4583333333 |               0.0 |  -0.00263831705161 |  -0.00263831705161 |
|   10.4791666667 |               0.0 |  -0.00257959887614 |  -0.00257959887614 |
|            10.5 |               0.0 |  -0.00249759302647 |  -0.00249759302647 |
|   10.5208333333 |               0.0 |  -0.00239100378471 |  -0.00239100378471 |
|   10.5416666667 |               0.0 |   -0.0022587978949 |   -0.0022587978949 |
|         10.5625 |               0.0 |  -0.00210022132839 |  -0.00210022132839 |
|   10.5833333333 |               0.0 |  -0.00191481299365 |  -0.00191481299365 |
|   10.6041666667 |               0.0 |  -0.00170241522653 |  -0.00170241522653 |
|          10.625 |               0.0 |  -0.00146318093279 |  -0.00146318093279 |
|   10.6458333333 |               0.0 |  -0.00119757729121 |  -0.00119757729121 |
|   10.6666666667 | 4.32472409075e-05 | -0.000906385963268 |  -0.00086313872236 |
|         10.6875 |  0.00022693780183 |  -0.00059069979414 | -0.000363761992309 |
|   10.7083333333 | 0.000410178924274 | -0.000251916027933 |  0.000158262896341 |
|   10.7291666667 | 0.000592607708755 |  0.000108273901233 |  0.000700881609987 |
|           10.75 | 0.000773862864579 |  0.000487897903099 |   0.00126176076768 |
|   10.7708333333 | 0.000953585425367 |  0.000884719954169 |   0.00183830537954 |
|   10.7916666667 |  0.00113141945996 |    0.0012962598385 |   0.00242767929846 |
|         10.8125 |  0.00130701277733 |   0.00171981570188 |   0.00302682847921 |
|   10.8333333333 |  0.00148001762407 |   0.00215248918369 |   0.00363250680776 |
|   10.8541666667 |  0.00165009137311 |   0.00259121286218 |   0.00424130423529 |
|          10.875 |  0.00181689720225 |    0.0030327797231 |   0.00484967692536 |
|   10.8958333333 |  0.00198010476126 |   0.00347387433912 |   0.00545397910038 |
|   10.9166666667 |  0.00213939082608 |   0.00391110542807 |   0.00605049625415 |
|         10.9375 |  0.00229443993896 |   0.00434103944287 |   0.00663547938182 |
|   10.9583333333 |  0.00244494503322 |    0.0047602348336 |   0.00720517986682 |
|   10.9791666667 |  0.00259060804137 |   0.00516527661498 |   0.00775588465635 |
|            11.0 |  0.00273114048544 |   0.00555281086804 |   0.00828395135348 |
|   11.0208333333 |  0.00286626404823 |    0.0059195788053 |   0.00878584285353 |
|   11.0416666667 |  0.00299571112459 |   0.00626245003288 |   0.00925816115746 |
|         11.0625 |  0.00311922535132 |   0.00657845465104 |   0.00969768000236 |
|   11.0833333333 |  0.00323656211495 |   0.00686481384702 |     0.010101375962 |
|   11.1041666667 |  0.00334748903614 |   0.00711896864978 |    0.0104664576859 |
|          11.125 |  0.00345178642991 |   0.00733860653562 |    0.0107903929655 |
|   11.1458333333 |   0.0035492477407 |   0.00752168559704 |    0.0110709333377 |
|   11.1666666667 |  0.00363967995147 |   0.00766645601256 |     0.011306135964 |
|         11.1875 |  0.00372290396596 |   0.00777147858485 |    0.0114943825508 |
|   11.2083333333 |  0.00379875496334 |   0.00783564014535 |    0.0116343951087 |
|   11.2291666667 |  0.00386708272466 |   0.00785816565766 |    0.0117252483823 |
|           11.25 |  0.00392775193036 |   0.00783862688729 |    0.0117663788176 |
|   11.2708333333 |  0.00398064242824 |   0.00777694754232 |    0.0117575899706 |
|   11.2916666667 |  0.00402564947143 |   0.00767340482758 |     0.011699054299 |
|         11.3125 |  0.00409814163071 |   0.00752862739343 |    0.0116267690241 |
|   11.3333333333 |  0.00437515039505 |   0.00734358969937 |    0.0117187400944 |
|   11.3541666667 |  0.00464319920044 |   0.00711960285097 |    0.0117628020514 |
|          11.375 |  0.00490149980454 |   0.00685830200681 |    0.0117598018113 |
|   11.3958333333 |  0.00514928494067 |   0.00656163048908 |    0.0117109154298 |
|   11.4166666667 |  0.00538581060999 |   0.00623182076687 |    0.0116176313769 |
|         11.4375 |  0.00561035832033 |    0.0058713725148 |    0.0114817308351 |
|   11.4583333333 |  0.00582223726479 |   0.00548302798138 |    0.0113052652462 |
|   11.4791666667 |  0.00602078643348 |   0.00506974492984 |    0.0110905313633 |
|            11.5 |  0.00620537665207 |   0.00463466744081 |    0.0108400440929 |
|   11.5208333333 |  0.00637541254089 |   0.00418109488857 |    0.0105565074295 |
|   11.5416666667 |  0.00653033438845 |   0.00371244942252 |     0.010242783811 |
|         11.5625 |   0.0066696199337 |    0.0032322423009 |    0.0099018622346 |
|   11.5833333333 |  0.00679278605135 |   0.00274403943646 |   0.00953682548782 |
|   11.6041666667 |  0.00689939033505 |   0.00225142652137 |   0.00915081685643 |
|          11.625 |  0.00698903257331 |   0.00175797410325 |   0.00874700667656 |
|   11.6458333333 |  0.00706135611349 |   0.00126720298409 |   0.00832855909758 |
|   11.6666666667 |  0.00711604910942 |  0.000782550310004 |   0.00789859941942 |
|         11.6875 |  0.00715284564847 |  0.000307336711864 |   0.00746018236034 |
|   11.7083333333 |  0.00717152675444 | -0.000155265155186 |   0.00701626159926 |
|   11.7291666667 |   0.0071719212627 | -0.000602260340676 |   0.00656966092202 |
|           11.75 |   0.0071539065646 |  -0.00103085928303 |   0.00612304728158 |
|   11.7708333333 |  0.00711740921847 |  -0.00143850315837 |    0.0056789060601 |
|   11.7916666667 |  0.00706240542472 |  -0.00182288662919 |   0.00523951879553 |
|         11.8125 |  0.00698892136341 |  -0.00218197775658 |   0.00480694360683 |
|   11.8333333333 |  0.00689703339239 |   -0.0025140348712 |   0.00438299852119 |
|   11.8541666667 |  0.00678686810513 |  -0.00281762023138 |   0.00396924787375 |
|          11.875 |  0.00665860224738 |  -0.00309161033229 |   0.00356699191509 |
|   11.8958333333 |  0.00651246249232 |  -0.00333520276647 |   0.00317725972585 |
|   11.9166666667 |   0.0063487250743 |  -0.00354791957423 |   0.00280080550007 |
|         11.9375 |  0.00616771528163 |  -0.00372960706059 |   0.00243810822104 |
|   11.9583333333 |  0.00596980680927 |   -0.0038804320941 |   0.00208937471516 |
|   11.9791666667 |  0.00575542097279 |  -0.00400087494164 |   0.00175454603115 |
|            12.0 |  0.00552502578525 |   -0.0040917187306 |   0.00143330705465 |
|   12.0208333333 |  0.00527913489905 |  -0.00415403566719 |   0.00112509923186 |
|   12.0416666667 |  0.00501830641531 |  -0.00418917017464 |  0.000829136240676 |
|         12.0625 |  0.00474314156369 |  -0.00419871914866 |  0.000544422415031 |
|   12.0833333333 |  0.00445428325578 |  -0.00418450955902 |  0.000269773696766 |
|   12.1041666667 |  0.00415241451585 |  -0.00414857365455 |  3.84086130329e-06 |
|          12.125 |  0.00383825679284 |   -0.0040931220553 | -0.000254865262452 |
|   12.1458333333 |  0.00363148380617 |  -0.00402051503797 | -0.000389031231798 |
|   12.1666666667 |  0.00347860656252 |  -0.00393323234041 | -0.000454625777885 |
|         12.1875 |  0.00331521764782 |  -0.00383384182667 | -0.000518624178845 |
|   12.2083333333 |  0.00314181079153 |  -0.00372496736636 | -0.000583156574836 |
|   12.2291666667 |  0.00295890999537 |  -0.00360925628998 | -0.000650346294611 |
|           12.25 |  0.00276706794989 |  -0.00348934678613 | -0.000722278836235 |
|   12.2708333333 |  0.00256686436438 |  -0.00336783560693 | -0.000800971242555 |
|   12.2916666667 |  0.00235890421504 |  -0.00324724644364 | -0.000888342228604 |
|         12.3125 |  0.00214381591692 |  -0.00312999932687 | -0.000986183409957 |
|   12.3333333333 |  0.00192224942493 |  -0.00301838139402 |   -0.0010961319691 |
|   12.3541666667 |  0.00169487426982 |  -0.00291451935085 |  -0.00121964508103 |
|          12.375 |    0.001462377535 |  -0.00282035393509 |  -0.00135797640009 |
|   12.3958333333 |   0.0012254617803 |  -0.00273761666738 |  -0.00151215488709 |
|   12.4166666667 | 0.000984842918933 |  -0.00266780914919 |  -0.00168296623026 |
|         12.4375 | 0.000741248054214 |  -0.00261218513877 |  -0.00187093708455 |
|   12.4583333333 | 0.000495413282347 |  -0.00257173560524 |   -0.0020763223229 |
|   12.4791666667 | 0.000248081468096 |  -0.00254717692751 |  -0.00229909545941 |
|            12.5 |  2.9864259316e-17 |  -0.00253894236958 |  -0.00253894236958 |
|   12.5208333333 |               0.0 |  -0.00254717692751 |  -0.00254717692751 |
|   12.5416666667 |               0.0 |  -0.00257173560524 |  -0.00257173560524 |
|         12.5625 |               0.0 |  -0.00261218513877 |  -0.00261218513877 |
|   12.5833333333 |               0.0 |  -0.00266780914919 |  -0.00266780914919 |
|   12.6041666667 |               0.0 |  -0.00273761666738 |  -0.00273761666738 |
|          12.625 |               0.0 |  -0.00282035393509 |  -0.00282035393509 |
|   12.6458333333 |               0.0 |  -0.00291451935085 |  -0.00291451935085 |
|   12.6666666667 |               0.0 |  -0.00301838139402 |  -0.00301838139402 |
|         12.6875 |               0.0 |  -0.00312999932687 |  -0.00312999932687 |
|   12.7083333333 |               0.0 |  -0.00324724644364 |  -0.00324724644364 |
|   12.7291666667 |               0.0 |  -0.00336783560693 |  -0.00336783560693 |
|           12.75 |               0.0 |  -0.00348934678613 |  -0.00348934678613 |
|   12.7708333333 |               0.0 |  -0.00360925628998 |  -0.00360925628998 |
|   12.7916666667 |               0.0 |  -0.00372496736636 |  -0.00372496736636 |
|         12.8125 |               0.0 |  -0.00383384182667 |  -0.00383384182667 |
|   12.8333333333 |               0.0 |  -0.00393323234041 |  -0.00393323234041 |
|   12.8541666667 |               0.0 |  -0.00402051503797 |  -0.00402051503797 |
|          12.875 |               0.0 |   -0.0040931220553 |   -0.0040931220553 |
|   12.8958333333 |               0.0 |  -0.00414857365455 |  -0.00414857365455 |
|   12.9166666667 |               0.0 |  -0.00418450955902 |  -0.00418450955902 |
|         12.9375 |               0.0 |  -0.00419871914866 |  -0.00419871914866 |
|   12.9583333333 |               0.0 |  -0.00418917017464 |  -0.00418917017464 |
|   12.9791666667 |               0.0 |  -0.00415403566719 |  -0.00415403566719 |
|            13.0 |               0.0 |   -0.0040917187306 |   -0.0040917187306 |
|   13.0208333333 |               0.0 |  -0.00400087494164 |  -0.00400087494164 |
|   13.0416666667 |               0.0 |   -0.0038804320941 |   -0.0038804320941 |
|         13.0625 |               0.0 |  -0.00372960706059 |  -0.00372960706059 |
|   13.0833333333 |               0.0 |  -0.00354791957423 |  -0.00354791957423 |
|   13.1041666667 |               0.0 |  -0.00333520276647 |  -0.00333520276647 |
|          13.125 |               0.0 |  -0.00309161033229 |  -0.00309161033229 |
|   13.1458333333 |               0.0 |  -0.00281762023138 |  -0.00281762023138 |
|   13.1666666667 |               0.0 |   -0.0025140348712 |   -0.0025140348712 |
|         13.1875 |               0.0 |  -0.00218197775658 |  -0.00218197775658 |
|   13.2083333333 |               0.0 |  -0.00182288662919 |  -0.00182288662919 |
|   13.2291666667 |               0.0 |  -0.00143850315837 |  -0.00143850315837 |
|           13.25 |               0.0 |  -0.00103085928303 |  -0.00103085928303 |
|   13.2708333333 |               0.0 | -0.000602260340677 | -0.000602260340677 |
|   13.2916666667 |               0.0 | -0.000155265155186 | -0.000155265155186 |
|         13.3125 |               0.0 |  0.000307336711864 |  0.000307336711864 |
|   13.3333333333 |               0.0 |  0.000782550310004 |  0.000782550310004 |
|   13.3541666667 |               0.0 |   0.00126720298409 |   0.00126720298409 |
|          13.375 |               0.0 |   0.00175797410325 |   0.00175797410325 |
|   13.3958333333 |               0.0 |   0.00225142652137 |   0.00225142652137 |
|   13.4166666667 |               0.0 |   0.00274403943646 |   0.00274403943646 |
|         13.4375 |               0.0 |    0.0032322423009 |    0.0032322423009 |
|   13.4583333333 |               0.0 |   0.00371244942252 |   0.00371244942252 |
|   13.4791666667 |               0.0 |   0.00418109488857 |   0.00418109488857 |
|            13.5 |               0.0 |    0.0046346674408 |    0.0046346674408 |
|   13.5208333333 |               0.0 |   0.00506974492984 |   0.00506974492984 |
|   13.5416666667 |               0.0 |   0.00548302798138 |   0.00548302798138 |
|         13.5625 |               0.0 |    0.0058713725148 |    0.0058713725148 |
|   13.5833333333 |               0.0 |   0.00623182076687 |   0.00623182076687 |
|   13.6041666667 | 1.08119954866e-05 |   0.00656163048908 |   0.00657244248457 |
|          13.625 | 0.000194544119657 |   0.00685830200681 |   0.00705284612646 |
|   13.6458333333 | 0.000377890959347 |   0.00711960285097 |   0.00749749381031 |
|   13.6666666667 | 0.000560489405703 |   0.00734358969937 |   0.00790407910507 |
|         13.6875 | 0.000741977832027 |   0.00752862739343 |   0.00827060522545 |
|   13.7083333333 |  0.00113466649489 |   0.00767340482758 |   0.00880807132247 |
|   13.7291666667 |  0.00156034424971 |   0.00777694754232 |   0.00933729179203 |
|           13.75 |  0.00198245263898 |   0.00783862688729 |   0.00982107952627 |
|   13.7708333333 |  0.00239989942702 |   0.00785816565766 |    0.0102580650847 |
|   13.7916666667 |  0.00281160383262 |   0.00783564014535 |     0.010647243978 |
|         13.8125 |  0.00321649943715 |   0.00777147858485 |     0.010987978022 |
|   13.8333333333 |  0.00361353705522 |   0.00766645601256 |    0.0112799930678 |
|   13.8541666667 |  0.00400168755984 |   0.00752168559704 |    0.0115233731569 |
|          13.875 |  0.00437994465427 |   0.00733860653562 |    0.0117185511899 |
|   13.8958333333 |  0.00474732758295 |   0.00711896864978 |    0.0118662962327 |
|   13.9166666667 |  0.00510288377372 |   0.00686481384702 |    0.0119676976207 |
|         13.9375 |  0.00544569140424 |   0.00657845465104 |    0.0120241460553 |
|   13.9583333333 |  0.00577486188535 |   0.00626245003288 |    0.0120373119182 |
|   13.9791666667 |  0.00608954225449 |    0.0059195788053 |    0.0120091210598 |
|            14.0 |  0.00638891747245 |   0.00555281086804 |    0.0119417283405 |
|   14.0208333333 |  0.00667221261727 |   0.00516527661498 |    0.0118374892322 |
|   14.0416666667 |  0.00693869496888 |    0.0047602348336 |    0.0116989298025 |
|         14.0625 |  0.00718767597906 |   0.00434103944287 |    0.0115287154219 |
|   14.0833333333 |   0.0074185131209 |   0.00391110542807 |     0.011329618549 |
|   14.1041666667 |  0.00763061161285 |   0.00347387433912 |     0.011104485952 |
|          14.125 |  0.00782342601255 |    0.0030327797231 |    0.0108562057357 |
|   14.1458333333 |  0.00799646167594 |   0.00259121286218 |    0.0105876745381 |
|   14.1666666667 |   0.0081492760777 |   0.00215248918369 |    0.0103017652614 |
|         14.1875 |  0.00828147998932 |   0.00171981570188 |    0.0100012956912 |
|   14.2083333333 |   0.0083927385116 |    0.0012962598385 |    0.0096889983501 |
|   14.2291666667 |  0.00848277195876 |  0.000884719954169 |   0.00936749191293 |
|           14.25 |  0.00855135659163 |  0.000487897903099 |   0.00903925449473 |
|   14.2708333333 |  0.00859832519804 |  0.000108273901233 |   0.00870659909927 |
|   14.2916666667 |  0.00862356751883 | -0.000251916027933 |    0.0083716514909 |
|         14.3125 |  0.00862703051832 |  -0.00059069979414 |   0.00803633072418 |
|   14.3333333333 |   0.0086087184985 | -0.000906385963268 |   0.00770233253524 |
|   14.3541666667 |  0.00856869305685 |  -0.00119757729121 |   0.00737111576564 |
|          14.375 |  0.00850707288772 |  -0.00146318093279 |   0.00704389195493 |
|   14.3958333333 |  0.00842403342822 |  -0.00170241522653 |   0.00672161820169 |
|   14.4166666667 |  0.00831980634932 |  -0.00191481299365 |   0.00640499335567 |
|         14.4375 |  0.00819467889398 |  -0.00210022132839 |   0.00609445756559 |
|   14.4583333333 |  0.00804899306402 |   -0.0022587978949 |   0.00579019516912 |
|   14.4791666667 |  0.00788314465816 |  -0.00239100378471 |   0.00549214087345 |
|            14.5 |  0.00769758216402 |  -0.00249759302647 |   0.00519998913755 |
|   14.5208333333 |  0.00749280550718 |  -0.00257959887614 |   0.00491320663103 |
|   14.5416666667 |  0.00726936466091 |  -0.00263831705161 |    0.0046310476093 |
|         14.5625 |  0.00702785812059 |  -0.00267528610862 |   0.00435257201197 |
|   14.5833333333 |  0.00676893124707 |  -0.00269226518663 |   0.00407666606044 |
|   14.6041666667 |  0.00649327448369 |  -0.00269120938168 |   0.00380206510201 |
|          14.625 |  0.00620162145208 |  -0.00267424302935 |   0.00352737842273 |
|   14.6458333333 |  0.00589474693207 |  -0.00264363120366 |   0.00325111572841 |
|   14.6666666667 |  0.00557346473145 |  -0.00260174975705 |    0.0029717149744 |
|         14.6875 |   0.0052386254516 |  -0.00255105424249 |   0.00268757120911 |
|   14.7083333333 |  0.00489111415529 |  -0.00249404807057 |   0.00239706608473 |
|   14.7291666667 |  0.00453184794323 |  -0.00243325026286 |   0.00209859768037 |
|           14.75 |  0.00416177344617 |  -0.00237116316657 |    0.0017906102796 |
|   14.7708333333 |  0.00378186423967 |  -0.00231024049593 |   0.00147162374374 |
|   14.7916666667 |  0.00339311818876 |  -0.00225285606168 |   0.00114026212707 |
|         14.8125 |  0.00299655472991 |  -0.00220127354206 |  0.000795281187851 |
|   14.8333333333 |  0.00259321209806 |    -0.002157617637 |  0.000435594461057 |
|   14.8541666667 |   0.0021841445063 |  -0.00212384693156 |  6.02975747448e-05 |
|          14.875 |  0.00177041928629 |  -0.00210172877537 |  -0.00033130948908 |
|   14.8958333333 |  0.00153035878052 |  -0.00209281646254 | -0.000562457682012 |
|   14.9166666667 |  0.00135818070159 |  -0.00209842897042 | -0.000740248268824 |
|         14.9375 |  0.00118331281663 |  -0.00211963348737 | -0.000936320670741 |
|   14.9583333333 |  0.00100610144236 |  -0.00215723092834 |  -0.00115112948599 |
|   14.9791666667 | 0.000826897536656 |  -0.00221174460392 |  -0.00138484706727 |
|            15.0 | 0.000646056003517 |   -0.0022834121733 |  -0.00163735616979 |
|   15.0208333333 | 0.000463934990162 |  -0.00237218097505 |  -0.00190824598488 |
|   15.0416666667 |  0.00028089517776 |  -0.00247770679194 |  -0.00219681161418 |
|         15.0625 | 9.72990671095e-05 |  -0.00259935606792 |  -0.00250205700081 |
|   15.0833333333 |               0.0 |  -0.00273621155664 |  -0.00273621155664 |
|   15.1041666667 |               0.0 |  -0.00288708134303 |  -0.00288708134303 |
|          15.125 |               0.0 |  -0.00305051114146 |  -0.00305051114146 |
|   15.1458333333 |               0.0 |  -0.00322479973773 |  -0.00322479973773 |
|   15.1666666667 |               0.0 |   -0.0034080174069 |   -0.0034080174069 |
|         15.1875 |               0.0 |  -0.00359802710566 |  -0.00359802710566 |
|   15.2083333333 |               0.0 |  -0.00379250820702 |  -0.00379250820702 |
|   15.2291666667 |               0.0 |  -0.00398898251641 |  -0.00398898251641 |
|           15.25 |               0.0 |  -0.00418484228271 |  -0.00418484228271 |
|   15.2708333333 |               0.0 |  -0.00437737989526 |  -0.00437737989526 |
|   15.2916666667 |               0.0 |  -0.00456381893851 |  -0.00456381893851 |
|         15.3125 |               0.0 |  -0.00474134626091 |  -0.00474134626091 |
|   15.3333333333 |               0.0 |  -0.00490714470229 |  -0.00490714470229 |
|   15.3541666667 |               0.0 |   -0.0050584261168 |   -0.0050584261168 |
|          15.375 |               0.0 |  -0.00519246432385 |  -0.00519246432385 |
|   15.3958333333 |               0.0 |  -0.00530662762053 |  -0.00530662762053 |
|   15.4166666667 |               0.0 |  -0.00539841049237 |  -0.00539841049237 |
|         15.4375 |               0.0 |  -0.00546546416817 |  -0.00546546416817 |
|   15.4583333333 |               0.0 |   -0.0055056256763 |   -0.0055056256763 |
|   15.4791666667 |               0.0 |  -0.00551694507597 |  -0.00551694507597 |
|            15.5 |               0.0 |  -0.00549771055633 |  -0.00549771055633 |
|   15.5208333333 |               0.0 |  -0.00544647111925 |  -0.00544647111925 |
|   15.5416666667 |               0.0 |  -0.00536205658746 |  -0.00536205658746 |
|         15.5625 |               0.0 |  -0.00524359470869 |  -0.00524359470869 |
|   15.5833333333 |               0.0 |  -0.00509052515791 |  -0.00509052515791 |
|   15.6041666667 |               0.0 |  -0.00490261027307 |  -0.00490261027307 |
|          15.625 |               0.0 |  -0.00467994239552 |  -0.00467994239552 |
|   15.6458333333 |               0.0 |  -0.00442294772295 |  -0.00442294772295 |
|   15.6666666667 |               0.0 |  -0.00413238662045 |  -0.00413238662045 |
|         15.6875 |               0.0 |  -0.00380935037418 |  -0.00380935037418 |
|   15.7083333333 |               0.0 |  -0.00345525441046 |  -0.00345525441046 |
|   15.7291666667 |               0.0 |  -0.00307182804189 |  -0.00307182804189 |
|           15.75 |               0.0 |  -0.00266110083973 |  -0.00266110083973 |
|   15.7708333333 |               0.0 |  -0.00222538576888 |  -0.00222538576888 |
|   15.7916666667 |               0.0 |  -0.00176725925668 |  -0.00176725925668 |
|         15.8125 |               0.0 |  -0.00128953840078 |  -0.00128953840078 |
|   15.8333333333 |               0.0 | -0.000795255552164 | -0.000795255552164 |
|   15.8541666667 |               0.0 | -0.000287630538444 | -0.000287630538444 |
|          15.875 |               0.0 |  0.000229959181814 |  0.000229959181814 |
|   15.8958333333 |               0.0 |  0.000754010120104 |  0.000754010120104 |
|   15.9166666667 |               0.0 |    0.0012809257815 |    0.0012809257815 |
|         15.9375 |               0.0 |   0.00180705076216 |   0.00180705076216 |
|   15.9583333333 |               0.0 |   0.00232870556025 |   0.00232870556025 |
|   15.9791666667 |               0.0 |   0.00284222173207 |   0.00284222173207 |
|            16.0 |               0.0 |   0.00334397702068 |   0.00334397702068 |
|   16.0208333333 |               0.0 |   0.00383043008489 |   0.00383043008489 |
|   16.0416666667 |               0.0 |   0.00429815446035 |   0.00429815446035 |
|         16.0625 |               0.0 |   0.00474387139249 |   0.00474387139249 |
|   16.0833333333 |  0.00014180894837 |    0.0051644811934 |   0.00530629014177 |
|   16.1041666667 | 0.000389553743735 |   0.00555709279025 |   0.00594664653398 |
|          16.125 | 0.000636121383611 |   0.00591905115259 |    0.0065551725362 |
|   16.1458333333 | 0.000880766788647 |   0.00624796230835 |     0.007128729097 |
|   16.1666666667 |  0.00112275068811 |   0.00654171568468 |   0.00766446637279 |
|         16.1875 |  0.00136134185382 |    0.0067985035384 |   0.00815984539222 |
|   16.2083333333 |  0.00159581930977 |   0.00701683727236 |   0.00861265658213 |
|   16.2291666667 |   0.0018254745108 |   0.00719556046753 |   0.00902103497833 |
|           16.25 |  0.00204961348364 |   0.00733385849621 |   0.00938347197985 |
|   16.2708333333 |  0.00226755892401 |   0.00743126461852 |   0.00969882354253 |
|   16.2916666667 |  0.00247865224325 |   0.00748766250241 |   0.00996631474567 |
|         16.3125 |  0.00268225555851 |   0.00750328514602 |    0.0101855407045 |
|   16.3333333333 |  0.00287775362025 |   0.00747871021998 |    0.0103564638402 |
|   16.3541666667 |  0.00306455567142 |    0.0074148518859 |    0.0104794075573 |
|          16.375 |  0.00324209723264 |   0.00731294918528 |    0.0105550464179 |
|   16.3958333333 |  0.00340984180791 |   0.00717455112996 |    0.0105843929379 |
|   16.4166666667 |  0.00356728250582 |   0.00700149866086 |    0.0105687811667 |
|         16.4375 |  0.00371394357127 |   0.00679590367516 |    0.0105098472464 |
|   16.4583333333 |  0.00384938182309 |   0.00656012535389 |     0.010409507177 |
|   16.4791666667 |  0.00397318799329 |    0.0062967440504 |    0.0102699320437 |
|            16.5 |  0.00408498796376 |   0.00600853302664 |    0.0100935209904 |
|   16.5208333333 |  0.00418444389676 |   0.00569842834672 |   0.00988287224348 |
|   16.5416666667 |  0.00427125525587 |   0.00536949725712 |   0.00964075251299 |
|         16.5625 |  0.00450729815115 |   0.00502490539837 |   0.00953220354952 |
|   16.5833333333 |   0.0047515136308 |   0.00466788320566 |   0.00941939683646 |
|   16.6041666667 |  0.00498173083425 |   0.00430169186364 |   0.00928342269788 |
|          16.625 |  0.00519744440514 |    0.0039295891852 |   0.00912703359034 |
|   16.6458333333 |  0.00539819172466 |   0.00355479578405 |   0.00895298750871 |
|   16.6666666667 |  0.00558355393471 |   0.00318046190701 |   0.00876401584173 |
|         16.6875 |  0.00575315683179 |   0.00280963528441 |    0.0085627921162 |
|   16.7083333333 |  0.00590667162953 |   0.00244523034463 |   0.00835190197415 |
|   16.7291666667 |  0.00604381558837 |     0.002089999124 |   0.00813381471236 |
|           16.75 |  0.00616435251119 |   0.00174650418346 |   0.00791085669465 |
|   16.7708333333 |  0.00626809310411 |   0.00141709382129 |    0.0076851869254 |
|   16.7916666667 |  0.00635489520197 |   0.00110387984526 |   0.00745877504724 |
|         16.8125 |   0.0064246638587 |  0.000808718139098 |    0.0072333819978 |
|   16.8333333333 |  0.00647735130274 |  0.000533192227077 |   0.00701054352982 |
|   16.8541666667 |  0.00651295675852 |  0.000278600007074 |    0.0067915567656 |
|          16.875 |  0.00653152613501 |  4.59437874057e-05 |   0.00657746992241 |
|   16.8958333333 |  0.00653315158297 |  -0.00016407627395 |   0.00636907530902 |
|   16.9166666667 |   0.0065179709229 | -0.000351065266792 |    0.0061669056561 |
|         16.9375 |  0.00648616694586 | -0.000514933140173 |   0.00597123380569 |
|   16.9583333333 |     0.00643796659 | -0.000655890843848 |   0.00578207574615 |
|   16.9791666667 |  0.00637363999563 | -0.000774443053933 |   0.00559919694169 |
|            17.0 |   0.0062934994424 | -0.000871377574775 |   0.00542212186763 |
|   17.0208333333 |  0.00619789817219 | -0.000947751545671 |   0.00525014662652 |
|   17.0416666667 |  0.00608722910164 |  -0.00100487461633 |   0.00508235448531 |
|         17.0625 |  0.00596192342886 |  -0.00104428928838 |   0.00491763414049 |
|   17.0833333333 |  0.00582244913877 |  -0.00106774865145 |   0.00475470048732 |
|   17.1041666667 |  0.00566930941199 |  -0.00107719177101 |   0.00459211764098 |
|          17.125 |   0.0055030409425 |  -0.00107471701098 |   0.00442832393153 |
|   17.1458333333 |  0.00532421216945 |  -0.00106255359687 |   0.00426165857258 |
|   17.1666666667 |   0.0051334214287 |  -0.00104303174447 |   0.00409038968422 |
|         17.1875 |  0.00493129502999 |  -0.00101855169481 |   0.00391274333518 |
|   17.2083333333 |  0.00471848526582 | -0.000991552008113 |    0.0037269332577 |
|   17.2291666667 |  0.00449566835807 | -0.000964477477558 |   0.00353119088052 |
|           17.25 |  0.00426354234903 | -0.000939747027567 |   0.00332379532147 |
|   17.2708333333 |  0.00412918930898 | -0.000919721961563 |   0.00320946734742 |
|   17.2916666667 |  0.00412846757327 | -0.000906674920042 |   0.00322179265322 |
|         17.3125 |  0.00411956962287 | -0.000902759901846 |   0.00321680972102 |
|   17.3333333333 |  0.00410251307972 | -0.000909983689676 |   0.00319252939004 |
|   17.3541666667 |  0.00407733172341 | -0.000930179005196 |   0.00314715271821 |
|          17.375 |   0.0040440754243 | -0.000964979699885 |   0.00307909572441 |
|   17.3958333333 |  0.00400281004476 |  -0.00101579826513 |   0.00298701177963 |
|   17.4166666667 |  0.00395361730872 |  -0.00108380591933 |    0.0028698113894 |
|         17.4375 |  0.00389659463984 |  -0.00116991550117 |   0.00272667913866 |
|   17.4583333333 |  0.00383185496852 |  -0.00127476736703 |   0.00255708760149 |
|   17.4791666667 |  0.00375952650831 |  -0.00139871845721 |    0.0023608080511 |
|            17.5 |  0.00367975250196 |  -0.00154183466045 |   0.00213791784151 |
|   17.5208333333 |  0.00359269093772 |  -0.00170388656963 |   0.00188880436809 |
|   17.5416666667 |  0.00349851423648 |  -0.00188434868381 |   0.00161416555267 |
|         17.5625 |  0.00339740891029 |  -0.00208240207366 |   0.00131500683663 |
|   17.5833333333 |  0.00328957519296 |  -0.00229694048854 |  0.000992634704421 |
|   17.6041666667 |  0.00317522664355 |  -0.00252657984564 |  0.000648646797911 |
|          17.625 |  0.00305458972341 |  -0.00276967100352 |  0.000284918719891 |
|   17.6458333333 |  0.00292790334765 |  -0.00302431568608 | -9.64123384376e-05 |
|   17.6666666667 |  0.00279541841203 |  -0.00328838538794 | -0.000492966975912 |
|         17.6875 |  0.00265739729606 |  -0.00355954305848 |  -0.00090214576242 |
|   17.7083333333 |  0.00251411334337 |  -0.00383526733134 |  -0.00132115398797 |
|   17.7291666667 |  0.00236585032034 |  -0.00411287903706 |  -0.00174702871672 |
|           17.75 |  0.00221290185415 |  -0.00438956971132 |  -0.00217666785717 |
|   17.7708333333 |  0.00205557085128 |  -0.00466243178839 |  -0.00260686093711 |
|   17.7916666667 |  0.00189416889755 |  -0.00492849015051 |  -0.00303432125296 |
|         17.8125 |  0.00172901564113 |  -0.00518473468823 |  -0.00345571904709 |
|   17.8333333333 |  0.00156043815942 |  -0.00542815351509 |  -0.00386771535567 |
|   17.8541666667 |  0.00138877031133 |  -0.00565576647219 |  -0.00426699616086 |
|          17.875 |  0.00121435207608 |   -0.0058646585542 |  -0.00465030647811 |
|   17.8958333333 |  0.00103752887989 |   -0.0060520128888 |  -0.00501448400891 |
|   17.9166666667 | 0.000858650911866 |  -0.00621514290557 |  -0.00535649199371 |
|         17.9375 | 0.000678072430503 |  -0.00635152333869 |  -0.00567345090819 |
|   17.9583333333 | 0.000496151062061 |  -0.00645881971981 |  -0.00596266865775 |
|   17.9791666667 |  0.00031324709232 |  -0.00653491603359 |  -0.00622166894127 |
|            18.0 | 0.000129722753053 |  -0.00657794022763 |  -0.00644821747457 |
|   18.0208333333 |               0.0 |  -0.00658628729161 |  -0.00658628729161 |
|   18.0416666667 |               0.0 |  -0.00655863964646 |  -0.00655863964646 |
|         18.0625 |               0.0 |  -0.00649398461314 |  -0.00649398461314 |
|   18.0833333333 |               0.0 |  -0.00639162876219 |  -0.00639162876219 |
|   18.1041666667 |               0.0 |   -0.0062512089788 |   -0.0062512089788 |
|          18.125 |               0.0 |  -0.00607270011358 |  -0.00607270011358 |
|   18.1458333333 |               0.0 |  -0.00585641912607 |  -0.00585641912607 |
|   18.1666666667 |               0.0 |   -0.0056030256661 |   -0.0056030256661 |
|         18.1875 |               0.0 |  -0.00531351907655 |  -0.00531351907655 |
|   18.2083333333 |               0.0 |  -0.00498923183995 |  -0.00498923183995 |
|   18.2291666667 |               0.0 |  -0.00463181952968 |  -0.00463181952968 |
|           18.25 |               0.0 |  -0.00424324736489 |  -0.00424324736489 |
|   18.2708333333 |               0.0 |  -0.00382577350455 |  -0.00382577350455 |
|   18.2916666667 |               0.0 |  -0.00338192925191 |  -0.00338192925191 |
|         18.3125 |               0.0 |  -0.00291449637394 |  -0.00291449637394 |
|   18.3333333333 |               0.0 |   -0.0024264817718 |   -0.0024264817718 |
|   18.3541666667 |               0.0 |  -0.00192108976706 |  -0.00192108976706 |
|          18.375 |               0.0 |   -0.0014016922944 |   -0.0014016922944 |
|   18.3958333333 |               0.0 | -0.000871797314223 | -0.000871797314223 |
|   18.4166666667 |               0.0 | -0.000335015778134 | -0.000335015778134 |
|         18.4375 |               0.0 |  0.000204972504356 |  0.000204972504356 |
|   18.4583333333 | 7.09132225731e-05 |  0.000744453737165 |  0.000815366959738 |
|   18.4791666667 | 0.000318856942505 |   0.00127971537852 |   0.00159857232103 |
|            18.5 | 0.000565837138902 |   0.00180708137874 |   0.00237291851764 |
|   18.5208333333 | 0.000811107485748 |   0.00232294704229 |   0.00313405452803 |
|   18.5416666667 |  0.00105392682386 |   0.00282381314553 |   0.00387773996938 |
|         18.5625 |  0.00129356140052 |   0.00330631894972 |   0.00459988035023 |
|   18.5833333333 |  0.00152928708674 |   0.00376727376065 |   0.00529656084739 |
|   18.6041666667 |  0.00176039156545 |   0.00420368670226 |   0.00596407826771 |
|          18.625 |  0.00198617648395 |   0.00461279439073 |   0.00659897087468 |
|   18.6458333333 |  0.00220595956422 |   0.00499208621859 |   0.00719804578281 |
|   18.6666666667 |  0.00241907666463 |   0.00533932698405 |   0.00775840364868 |
|         18.6875 |  0.00262488378684 |   0.00565257662978 |   0.00827746041662 |
|   18.7083333333 |  0.00282275902185 |   0.00593020688656 |   0.00875296590841 |
|   18.7291666667 |  0.00301210442924 |   0.00617091465091 |   0.00918301908016 |
|           18.75 |  0.00319234784412 |   0.00637373196111 |   0.00956607980523 |
|   18.7708333333 |    0.003362944606 |   0.00653803247302 |   0.00990097707902 |
|   18.7916666667 |  0.00352337920472 |   0.00666353437496 |    0.0101869135797 |
|         18.8125 |   0.0036731668382 |   0.00675029971934 |    0.0104234665575 |
|   18.8333333333 |  0.00381185487739 |   0.00679873018791 |    0.0106105850653 |
|   18.8541666667 |  0.00393902423408 |   0.00680955934556 |    0.0107485835796 |
|          18.875 |  0.00405429062726 |   0.00678384147599 |    0.0108381321032 |
|   18.8958333333 |  0.00415730574435 |    0.0067229371292 |    0.0108802428735 |
|   18.9166666667 |  0.00424775829374 |   0.00662849554645 |    0.0108762538402 |
|         18.9375 |  0.00432537494545 |   0.00650243416165 |    0.0108278091071 |
|   18.9583333333 |  0.00438992115711 |   0.00634691540998 |    0.0107368365671 |
|   18.9791666667 |  0.00444120188262 |   0.00616432110309 |    0.0106055229857 |
|            19.0 |  0.00447906216165 |   0.00595722465651 |    0.0104362868182 |
|   19.0208333333 |  0.00450338758779 |    0.0057283614776 |    0.0102317490654 |
|   19.0416666667 |  0.00451410465436 |   0.00548059784208 |   0.00999470249644 |
|         19.0625 |  0.00451118097647 |   0.00521689860291 |   0.00972807957938 |
|   19.0833333333 |   0.0044946253889 |   0.00494029408756 |   0.00943491947647 |
|   19.1041666667 |  0.00446448791941 |   0.00465384654789 |    0.0091183344673 |
|          19.125 |  0.00442085963757 |   0.00436061653096 |   0.00878147616853 |
|   19.1458333333 |  0.00436387237953 |   0.00406362953962 |   0.00842750191915 |
|   19.1666666667 |  0.00429369834968 |   0.00376584334751 |   0.00805954169719 |
|         19.1875 |  0.00421054960026 |   0.00347011632549 |   0.00768066592575 |
|   19.2083333333 |   0.0041146773906 |   0.00317917712471 |    0.0072938545153 |
|   19.2291666667 |  0.00400637142781 |   0.00289559604599 |    0.0069019674738 |
|           19.25 |  0.00388595899142 |   0.00262175840611 |   0.00650771739753 |
|   19.2708333333 |  0.00375380394433 |   0.00235984018895 |   0.00611364413328 |
|   19.2916666667 |  0.00361030563334 |   0.00211178624394 |   0.00572209187728 |
|         19.3125 |  0.00345589768239 |   0.00187929126551 |   0.00533518894789 |
|   19.3333333333 |  0.00329104668219 |   0.00166378375644 |   0.00495483043863 |
|   19.3541666667 |  0.00311625078035 |   0.00146641314438 |   0.00458266392473 |
|          19.375 |  0.00293203817601 |   0.00128804018601 |   0.00422007836202 |
|   19.3958333333 |  0.00273896552376 |   0.00112923075635 |    0.0038681962801 |
|   19.4166666667 |  0.00253761625152 |  0.000990253083565 |   0.00352786933509 |
|         19.4375 |  0.00232859879756 |  0.000871078450851 |   0.00319967724841 |
|   19.4583333333 |  0.00211254477187 |  0.000771385348778 |   0.00288393012065 |
|   19.4791666667 |  0.00189010704763 |   0.00069056702313 |   0.00258067407076 |
|            19.5 |  0.00179168054132 |  0.000627742325557 |   0.00241942286688 |
|   19.5208333333 |  0.00174203350871 |  0.000581769737765 |   0.00232380324647 |
|   19.5416666667 |  0.00168744859249 |  0.000551264404779 |   0.00223871299727 |
|         19.5625 |  0.00162828120602 |  0.000534617979476 |    0.0021628991855 |
|   19.5833333333 |  0.00156489958675 |  0.000530021049392 |   0.00209492063615 |
|   19.6041666667 |   0.0014976833083 |  0.000535487888215 |   0.00203317119651 |
|          19.625 |  0.00142702176101 |  0.000548883248588 |    0.0019759050096 |
|   19.6458333333 |  0.00138877031133 |  0.000567950890219 |   0.00195672120155 |
|   19.6666666667 |  0.00156043815942 |  0.000590343518026 |   0.00215078167745 |
|         19.6875 |  0.00172901564113 |   0.00061365378942 |   0.00234266943055 |
|   19.7083333333 |  0.00189416889755 |  0.000635446037898 |   0.00252961493545 |
|   19.7291666667 |  0.00205557085128 |  0.000653288352161 |   0.00270885920344 |
|           19.75 |  0.00221290185415 |  0.000664784645932 |   0.00287768650009 |
|   19.7708333333 |  0.00236585032034 |  0.000667606353716 |   0.00303345667405 |
|   19.7916666667 |  0.00251411334337 |  0.000659523391736 |   0.00317363673511 |
|         19.8125 |  0.00265739729606 |  0.000638434031387 |   0.00329583132745 |
|   19.8333333333 |  0.00279541841203 |  0.000602393344422 |   0.00339781175645 |
|   19.8541666667 |  0.00292790334765 |  0.000549639894832 |   0.00347754324248 |
|          19.875 |  0.00305458972341 |  0.000478620371658 |   0.00353321009506 |
|   19.8958333333 |  0.00317522664355 |  0.000388011879654 |   0.00356323852321 |
|   19.9166666667 |  0.00328957519296 |  0.000276741630544 |    0.0035663168235 |
|         19.9375 |  0.00339740891029 |  0.000144003806267 |   0.00354141271655 |
|   19.9583333333 |  0.00349851423648 | -1.07266031796e-05 |    0.0034877876333 |
|   19.9791666667 |  0.00359269093772 | -0.000187683151303 |   0.00340500778642 |
